# Q I dI dQ
1.377849999999999908e-03 6.603140000000000498e+01 2.261659999999999968e+02 3.966390000000000085e-04
1.474199999999999946e-03 2.098600000000000136e+02 1.728120000000000118e+02 3.968949999999999735e-04
1.776259999999999992e-03 5.155570000000000164e+01 9.340500000000000114e+01 3.974219999999999771e-04
1.875659999999999914e-03 8.718410000000000082e+01 8.174089999999999634e+01 3.981650000000000206e-04
1.976789999999999971e-03 7.325620000000000687e+01 6.882450000000000045e+01 3.995690000000000092e-04
2.078169999999999844e-03 1.126320000000000050e+02 5.721840000000000259e+01 4.006810000000000081e-04
2.178770000000000012e-03 9.164809999999999945e+01 5.000589999999999691e+01 4.015749999999999897e-04
2.278790000000000156e-03 3.599170000000000158e+01 4.814869999999999806e+01 4.023119999999999930e-04
2.378480000000000091e-03 3.114849999999999852e+01 4.319080000000000297e+01 4.029300000000000199e-04
2.479390000000000153e-03 3.823830000000000240e+01 3.940509999999999735e+01 4.034630000000000096e-04
2.581159999999999878e-03 2.388210000000000122e+01 3.934590000000000032e+01 4.039280000000000127e-04
2.682560000000000066e-03 6.600130000000000052e+01 3.563430000000000319e+01 4.043299999999999997e-04
2.782460000000000055e-03 5.531539999999999679e+01 3.289439999999999742e+01 4.051300000000000192e-04
2.883189999999999885e-03 5.824119999999999919e+01 3.024210000000000065e+01 4.068100000000000166e-04
2.984860000000000204e-03 4.020309999999999917e+01 2.927809999999999846e+01 4.082569999999999776e-04
3.084809999999999896e-03 1.560810000000000031e+01 3.006889999999999930e+01 4.094859999999999754e-04
3.185250000000000147e-03 3.010350000000000037e+01 2.713479999999999848e+01 4.105639999999999810e-04
3.286199999999999972e-03 3.810949999999999704e+01 2.556230000000000047e+01 4.115179999999999858e-04
3.387770000000000017e-03 3.774849999999999994e+01 2.300979999999999848e+01 4.123689999999999951e-04
3.489120000000000069e-03 2.647299999999999898e+01 2.445390000000000086e+01 4.131259999999999880e-04
3.587700000000000090e-03 4.433239999999999981e+01 2.368309999999999960e+01 4.137890000000000188e-04
3.687970000000000050e-03 5.846209999999999951e+01 2.057140000000000057e+01 4.146609999999999793e-04
3.788699999999999880e-03 5.027830000000000155e+01 1.882870000000000132e+01 4.166080000000000065e-04
3.889420000000000203e-03 3.874080000000000013e+01 1.889849999999999852e+01 4.183360000000000008e-04
3.990160000000000408e-03 5.061529999999999774e+01 1.842490000000000094e+01 4.198790000000000096e-04
4.090319999999999720e-03 5.157489999999999952e+01 1.991090000000000160e+01 4.212579999999999840e-04
4.191420000000000388e-03 4.851129999999999853e+01 2.064880000000000138e+01 4.225170000000000206e-04
4.292240000000000118e-03 5.568580000000000041e+01 2.110010000000000119e+01 4.236549999999999951e-04
4.393089999999999669e-03 6.741119999999999379e+01 1.976989999999999981e+01 4.246939999999999830e-04
4.493490000000000158e-03 7.433769999999999811e+01 1.999749999999999872e+01 4.256420000000000017e-04
4.594189999999999732e-03 6.557859999999999445e+01 2.057019999999999982e+01 4.266049999999999855e-04
4.695870000000000426e-03 7.033629999999999427e+01 2.134619999999999962e+01 4.288159999999999954e-04
4.796609999999999763e-03 8.713320000000000221e+01 1.950740000000000052e+01 4.308040000000000177e-04
4.896690000000000417e-03 9.038469999999999516e+01 1.766290000000000049e+01 4.326050000000000229e-04
4.997749999999999589e-03 1.126790000000000020e+02 1.777860000000000085e+01 4.342700000000000011e-04
5.099549999999999569e-03 1.227270000000000039e+02 1.915830000000000055e+01 4.358109999999999784e-04
5.201080000000000286e-03 1.395060000000000002e+02 2.075949999999999918e+01 4.372269999999999933e-04
5.301069999999999741e-03 1.755589999999999975e+02 2.102299999999999969e+01 4.385179999999999916e-04
5.400740000000000228e-03 2.111889999999999930e+02 2.191939999999999955e+01 4.397119999999999805e-04
5.501759999999999637e-03 2.717900000000000205e+02 2.311410000000000053e+01 4.408379999999999829e-04
5.602069999999999793e-03 3.435500000000000114e+02 2.487559999999999860e+01 4.431829999999999884e-04
5.701949999999999900e-03 4.582350000000000136e+02 2.757140000000000057e+01 4.453869999999999964e-04
5.803159999999999916e-03 6.104779999999999518e+02 3.112069999999999936e+01 4.474510000000000228e-04
5.904320000000000228e-03 8.153559999999999945e+02 3.439209999999999923e+01 4.493640000000000026e-04
6.005159999999999838e-03 1.110269999999999982e+03 3.890630000000000166e+01 4.511380000000000164e-04
6.105389999999999602e-03 1.416910000000000082e+03 4.351039999999999708e+01 4.527809999999999734e-04
6.205330000000000221e-03 1.770170000000000073e+03 4.821000000000000085e+01 4.543130000000000258e-04
6.306220000000000402e-03 2.292139999999999873e+03 5.385159999999999769e+01 4.557610000000000025e-04
6.407060000000000012e-03 2.660679999999999836e+03 5.775619999999999976e+01 4.571199999999999873e-04
6.508090000000000229e-03 3.142690000000000055e+03 6.169740000000000180e+01 4.595150000000000211e-04
6.608799999999999744e-03 3.589659999999999854e+03 6.551869999999999550e+01 4.619439999999999939e-04
6.709510000000000127e-03 3.855139999999999873e+03 6.759080000000000155e+01 4.642129999999999954e-04
6.811099999999999620e-03 4.139020000000000437e+03 6.820919999999999561e+01 4.663539999999999873e-04
6.911139999999999645e-03 4.412779999999999745e+03 7.309159999999999968e+01 4.683320000000000148e-04
7.011479999999999622e-03 4.286939999999999600e+03 6.844650000000000034e+01 4.701969999999999978e-04
7.112519999999999780e-03 4.194880000000000109e+03 6.919849999999999568e+01 4.719659999999999871e-04
7.213149999999999770e-03 3.908849999999999909e+03 6.501489999999999725e+01 4.736280000000000264e-04
7.314389999999999607e-03 3.396789999999999964e+03 5.955210000000000292e+01 4.752080000000000214e-04
7.414389999999999870e-03 3.052989999999999782e+03 5.711350000000000193e+01 4.776199999999999977e-04
7.514840000000000061e-03 2.618010000000000218e+03 5.171920000000000073e+01 4.802259999999999927e-04
7.616089999999999839e-03 2.147300000000000182e+03 4.728090000000000259e+01 4.826969999999999763e-04
7.716589999999999734e-03 1.767450000000000045e+03 4.312049999999999983e+01 4.850090000000000044e-04
7.817009999999999237e-03 1.362339999999999918e+03 3.736129999999999995e+01 4.871909999999999913e-04
7.917240000000000735e-03 1.005850000000000023e+03 3.240370000000000061e+01 4.892520000000000245e-04
8.017979999999999205e-03 7.339800000000000182e+02 2.733640000000000114e+01 4.912140000000000169e-04
8.119029999999999303e-03 5.419510000000000218e+02 2.473860000000000170e+01 4.930810000000000314e-04
8.219640000000000279e-03 4.027359999999999900e+02 2.190830000000000055e+01 4.948469999999999735e-04
8.320640000000000674e-03 2.952259999999999991e+02 1.928490000000000038e+01 4.972969999999999518e-04
8.421349999999999322e-03 2.460960000000000036e+02 1.813820000000000121e+01 5.000690000000000126e-04
8.522089999999999527e-03 1.837570000000000050e+02 1.629309999999999903e+01 5.026950000000000515e-04
8.622640000000000859e-03 1.402829999999999870e+02 1.473399999999999999e+01 5.051790000000000230e-04
8.722739999999999660e-03 1.294099999999999966e+02 1.398509999999999920e+01 5.075280000000000373e-04
8.823980000000000365e-03 9.763230000000000075e+01 1.383980000000000032e+01 5.097860000000000282e-04
8.925129999999999869e-03 7.880169999999999675e+01 1.348770000000000024e+01 5.119330000000000061e-04
9.026229999999999670e-03 6.625039999999999907e+01 1.335500000000000043e+01 5.139780000000000043e-04
9.126840000000000647e-03 6.016230000000000189e+01 1.283060000000000045e+01 5.159200000000000071e-04
9.226989999999999151e-03 5.123360000000000269e+01 1.197460000000000058e+01 5.183689999999999696e-04
9.327999999999999486e-03 5.126409999999999911e+01 1.107450000000000045e+01 5.212910000000000070e-04
9.428620000000000403e-03 5.249730000000000274e+01 1.116440000000000055e+01 5.240590000000000049e-04
9.528790000000000524e-03 5.734369999999999834e+01 1.156709999999999994e+01 5.266830000000000123e-04
9.629489999999999231e-03 5.510220000000000340e+01 1.079010000000000069e+01 5.291999999999999612e-04
9.730569999999999151e-03 4.653029999999999688e+01 1.042409999999999926e+01 5.316109999999999759e-04
9.831350000000000852e-03 4.196589999999999776e+01 1.123939999999999984e+01 5.339080000000000388e-04
9.931950000000000153e-03 4.457999999999999829e+01 1.143870000000000076e+01 5.361019999999999978e-04
1.003259999999999916e-02 4.103659999999999997e+01 1.185689999999999955e+01 5.382030000000000104e-04
1.013359999999999955e-02 4.243610000000000326e+01 1.160420000000000051e+01 5.406799999999999801e-04
1.023420000000000059e-02 4.775710000000000122e+01 1.113790000000000013e+01 5.437109999999999990e-04
1.026610000000000023e-02 5.224154534568891677e+02 4.838546499888343178e+00 2.767040000000000124e-03
1.033440000000000053e-02 5.728790000000000049e+01 1.130369999999999919e+01 5.465949999999999802e-04
1.043499999999999983e-02 6.523269999999999413e+01 1.185420000000000051e+01 5.493639999999999938e-04
1.053560000000000087e-02 8.190980000000000416e+01 1.179170000000000051e+01 5.520149999999999927e-04
1.063670000000000067e-02 8.226009999999999422e+01 1.171429999999999971e+01 5.545660000000000433e-04
1.073759999999999992e-02 7.974920000000000186e+01 1.236389999999999922e+01 5.570059999999999725e-04
1.075760000000000084e-02 3.452407137969638597e+02 3.427377077393008786e+00 2.768360000000000092e-03
1.083779999999999986e-02 1.058990000000000009e+02 1.217740000000000045e+01 5.593329999999999656e-04
1.093850000000000031e-02 1.319310000000000116e+02 1.234680000000000000e+01 5.615779999999999687e-04
1.103930000000000015e-02 1.501639999999999873e+02 1.334249999999999936e+01 5.640470000000000293e-04
1.114019999999999941e-02 1.750670000000000073e+02 1.376490000000000080e+01 5.671940000000000315e-04
1.124080000000000044e-02 1.814209999999999923e+02 1.381129999999999924e+01 5.702030000000000293e-04
1.124700000000000005e-02 2.591518155934003858e+02 2.603053749069320411e+00 2.769470000000000005e-03
1.134149999999999915e-02 1.928069999999999879e+02 1.397760000000000069e+01 5.730899999999999493e-04
1.144309999999999945e-02 2.133559999999999945e+02 1.454599999999999937e+01 5.758869999999999701e-04
1.154370000000000049e-02 2.334350000000000023e+02 1.572729999999999961e+01 5.785449999999999707e-04
1.164349999999999934e-02 2.536479999999999961e+02 1.615950000000000131e+01 5.810840000000000493e-04
1.173919999999999998e-02 2.020052852609447029e+02 2.119465723638802146e+00 2.770439999999999882e-03
1.174399999999999923e-02 2.882850000000000250e+02 1.648059999999999903e+01 5.835439999999999681e-04
1.184480000000000081e-02 2.783940000000000055e+02 1.583549999999999969e+01 5.859199999999999738e-04
1.194590000000000062e-02 2.878220000000000027e+02 1.577229999999999954e+01 5.883970000000000519e-04
1.204560000000000006e-02 3.056600000000000250e+02 1.687699999999999889e+01 5.915999999999999601e-04
1.214639999999999991e-02 3.016859999999999786e+02 1.678460000000000107e+01 5.947139999999999848e-04
1.222619999999999957e-02 1.882314968537758659e+02 2.013795337465289492e+00 2.771280000000000097e-03
1.224729999999999916e-02 3.113120000000000118e+02 1.705260000000000176e+01 5.977079999999999633e-04
1.234810000000000074e-02 3.124560000000000173e+02 1.698529999999999873e+01 6.005910000000000372e-04
1.244900000000000000e-02 2.931399999999999864e+02 1.678229999999999933e+01 6.033679999999999599e-04
1.254949999999999989e-02 2.789970000000000141e+02 1.711809999999999832e+01 6.060329999999999624e-04
1.265029999999999974e-02 2.453319999999999936e+02 1.587819999999999965e+01 6.086159999999999747e-04
1.272080000000000086e-02 1.781396666328794822e+02 1.841169539249290832e+00 2.772029999999999980e-03
1.275130000000000013e-02 2.178069999999999879e+02 1.518280000000000030e+01 6.111110000000000110e-04
1.285140000000000067e-02 2.193240000000000123e+02 1.503630000000000067e+01 6.135529999999999717e-04
1.295179999999999942e-02 2.062729999999999961e+02 1.526009999999999955e+01 6.168589999999999837e-04
1.305289999999999923e-02 1.840279999999999916e+02 1.497680000000000078e+01 6.200659999999999549e-04
1.315410000000000017e-02 1.681189999999999998e+02 1.463679999999999914e+01 6.231589999999999742e-04
1.321379999999999950e-02 1.739716174151188568e+02 1.838884185892294409e+00 2.772689999999999964e-03
1.325490000000000002e-02 1.478249999999999886e+02 1.544200000000000017e+01 6.261339999999999788e-04
1.335440000000000065e-02 1.434029999999999916e+02 1.532380000000000031e+01 6.289680000000000401e-04
1.345479999999999940e-02 1.348660000000000139e+02 1.553700000000000081e+01 6.317319999999999750e-04
1.355589999999999920e-02 1.292330000000000041e+02 1.462529999999999930e+01 6.344239999999999689e-04
1.365719999999999955e-02 1.279650000000000034e+02 1.440939999999999976e+01 6.370300000000000181e-04
1.369650000000000034e-02 1.637120132374587911e+02 1.714550080636642049e+00 2.778160000000000004e-03
1.375720000000000068e-02 1.230280000000000058e+02 1.508220000000000027e+01 6.395209999999999914e-04
1.385809999999999993e-02 1.149380000000000024e+02 1.533179999999999943e+01 6.428500000000000403e-04
1.395820000000000047e-02 9.117350000000000421e+01 1.557869999999999955e+01 6.461029999999999768e-04
1.405900000000000032e-02 1.010589999999999975e+02 1.548119999999999941e+01 6.492660000000000141e-04
1.416070000000000002e-02 9.854070000000000107e+01 1.645080000000000098e+01 6.523500000000000002e-04
1.418329999999999938e-02 1.539829375176729798e+02 1.598341676205866868e+00 2.785500000000000215e-03
1.467620000000000036e-02 1.435337941131826369e+02 1.479412613016762190e+00 2.791819999999999979e-03
1.517549999999999975e-02 1.392269912987472367e+02 1.424029069559703986e+00 2.797309999999999901e-03
1.566930000000000059e-02 1.363784615787763812e+02 1.412683922537470549e+00 2.802030000000000059e-03
1.615410000000000110e-02 1.344077977514931490e+02 1.368282771601535108e+00 2.806100000000000174e-03
1.664480000000000126e-02 1.371293633960752913e+02 1.353727247244473020e+00 2.809739999999999807e-03
1.713270000000000071e-02 1.365054256541650943e+02 1.336387582091387083e+00 2.812970000000000140e-03
1.761940000000000034e-02 1.367593538049424922e+02 1.307031674089013329e+00 2.815859999999999891e-03
1.811350000000000113e-02 1.395380532834495853e+02 1.309217269958204533e+00 2.818510000000000199e-03
1.860919999999999935e-02 1.348594271053758007e+02 1.261143229698524548e+00 2.820909999999999824e-03
1.910519999999999927e-02 1.302515380550186421e+02 1.212089752285846034e+00 2.823099999999999828e-03
1.959359999999999921e-02 1.258504190702944925e+02 1.209378162390044364e+00 2.825069999999999838e-03
2.007569999999999841e-02 1.148172409190161147e+02 1.117809857447205513e+00 2.826850000000000109e-03
2.056670000000000026e-02 1.022450767967760896e+02 1.009591120903390982e+00 2.835869999999999884e-03
2.106009999999999827e-02 9.193468698896055002e+01 9.431979783376265303e-01 2.844189999999999913e-03
2.155340000000000034e-02 7.889456956028789136e+01 8.557995363850536830e-01 2.851659999999999785e-03
2.204499999999999862e-02 6.731073007632363669e+01 7.698321609393622422e-01 2.858400000000000090e-03
2.253410000000000135e-02 5.794295783964395241e+01 7.093047586565559559e-01 2.864499999999999859e-03
2.302869999999999917e-02 5.237875723573399966e+01 6.587512913817851201e-01 2.870129999999999817e-03
2.351999999999999924e-02 4.563950411410159091e+01 6.130396898105877623e-01 2.875250000000000201e-03
2.400769999999999987e-02 4.304417703590592481e+01 5.842868611663102341e-01 2.879930000000000163e-03
2.449930000000000163e-02 4.034147462538152951e+01 5.572108652034163390e-01 2.884279999999999917e-03
2.499060000000000170e-02 3.744769128139713388e+01 5.292089383764376764e-01 2.888309999999999836e-03
2.548129999999999840e-02 3.517439951156238465e+01 5.101416549118126254e-01 2.892039999999999802e-03
2.596769999999999981e-02 3.336806347328224120e+01 4.967070419631822165e-01 2.895490000000000130e-03
2.645650000000000085e-02 3.166529384506916145e+01 4.782183519278285222e-01 2.898720000000000029e-03
2.695169999999999857e-02 2.924218446627574508e+01 4.454380414349707884e-01 2.904369999999999868e-03
2.744550000000000115e-02 2.699083934375819283e+01 4.295194670399855585e-01 2.914439999999999913e-03
2.793709999999999943e-02 2.415990321709120536e+01 4.032360896620182933e-01 2.923680000000000116e-03
2.842149999999999885e-02 2.180635201388574274e+01 3.890161132184834503e-01 2.932099999999999984e-03
2.891000000000000167e-02 2.035297610518619038e+01 3.657100434083812579e-01 2.939989999999999964e-03
2.940660000000000149e-02 1.884636597344866615e+01 3.495175893650576682e-01 2.947430000000000015e-03
2.989740000000000106e-02 1.783156025659181054e+01 3.440372757395295245e-01 2.954290000000000041e-03
3.038700000000000082e-02 1.631252578319124424e+01 3.226946146666884174e-01 2.960690000000000197e-03
3.087950000000000070e-02 1.552888537216710851e+01 3.132829491353743001e-01 2.966710000000000007e-03
3.137120000000000186e-02 1.489986906724135629e+01 3.096554041242685074e-01 2.972359999999999846e-03
3.185980000000000062e-02 1.365308184692428384e+01 2.943607674711935518e-01 2.977630000000000207e-03
3.234429999999999944e-02 1.326702036911734695e+01 2.933423342093255948e-01 2.982559999999999985e-03
3.283559999999999951e-02 1.239758851858055699e+01 2.752581154427102827e-01 2.987280000000000144e-03
3.333429999999999727e-02 1.178734475908727930e+01 2.671061149165026571e-01 2.991800000000000188e-03
3.382809999999999984e-02 1.143021295274390958e+01 2.660323615932153607e-01 3.001199999999999875e-03
3.431560000000000166e-02 1.080282904307315661e+01 2.580971068814213454e-01 3.011949999999999784e-03
3.480239999999999723e-02 1.032090968834774714e+01 2.492286662155203947e-01 3.022009999999999887e-03
3.529510000000000286e-02 9.596307572379357609e+00 2.370546251582492381e-01 3.031579999999999865e-03
3.578939999999999899e-02 9.338933253841400273e+00 2.383351485471695563e-01 3.040619999999999955e-03
3.627890000000000281e-02 8.955791949768402205e+00 2.311308441551133686e-01 3.049050000000000198e-03
3.677119999999999694e-02 8.693865062241505015e+00 2.272457434482190730e-01 3.057049999999999958e-03
3.726410000000000139e-02 8.831865943326500101e+00 2.252079700382303706e-01 3.064630000000000045e-03
3.775209999999999677e-02 8.470208774581776012e+00 2.214072097528442251e-01 3.071739999999999887e-03
3.824059999999999959e-02 8.177075931096842609e+00 2.177116482727801672e-01 3.078490000000000133e-03
3.873159999999999797e-02 8.030006187484083569e+00 2.144414164452682625e-01 3.084939999999999991e-03
3.922620000000000273e-02 7.634930260324547469e+00 2.074030722374701763e-01 3.091120000000000152e-03
3.971920000000000311e-02 7.438417078210417088e+00 2.048574425259266640e-01 3.096980000000000045e-03
4.020449999999999718e-02 7.135235935044720534e+00 2.007283894170354688e-01 3.102919999999999897e-03
4.069409999999999694e-02 6.998840242627140995e+00 1.964379105551500304e-01 3.115140000000000183e-03
4.118770000000000070e-02 6.851888394227243495e+00 1.953559952555877222e-01 3.126799999999999892e-03
4.167860000000000315e-02 6.695105898847249826e+00 1.950639778821937065e-01 3.137780000000000170e-03
4.216840000000000171e-02 6.466253152959110295e+00 1.901332373258481090e-01 3.148170000000000048e-03
4.265769999999999978e-02 6.052622333067769311e+00 1.818433900892185151e-01 3.158049999999999920e-03
4.314939999999999748e-02 5.936704132237881737e+00 1.824101939972038178e-01 3.167479999999999862e-03
4.364189999999999736e-02 5.620663342007814478e+00 1.797865720679215074e-01 3.176480000000000189e-03
4.413079999999999781e-02 5.522429423107068303e+00 1.763349629898543214e-01 3.184999999999999897e-03
4.462270000000000125e-02 5.446323528774068556e+00 1.722086305397214356e-01 3.193189999999999831e-03
4.511690000000000145e-02 5.331711244148179318e+00 1.702588250962520366e-01 3.201049999999999989e-03
4.560770000000000102e-02 5.183662063382422858e+00 1.687116771490154155e-01 3.208509999999999921e-03
4.609599999999999809e-02 5.003246112255074429e+00 1.672851450733980616e-01 3.215620000000000197e-03
4.658160000000000078e-02 4.888298279715659334e+00 1.642189626527608415e-01 3.222399999999999830e-03
4.707139999999999935e-02 4.707029855510700855e+00 1.610267230429877072e-01 3.231809999999999891e-03
4.756459999999999855e-02 4.484978756518385623e+00 1.583350846447471871e-01 3.244739999999999864e-03
4.805700000000000249e-02 4.568775046274929252e+00 1.562428980595919059e-01 3.257059999999999990e-03
4.855090000000000100e-02 4.464573815830915393e+00 1.555228303748873997e-01 3.268849999999999794e-03
4.904229999999999701e-02 4.257350307071494200e+00 1.550285773671242207e-01 3.280060000000000007e-03
4.953140000000000320e-02 4.239466510166742808e+00 1.533961821121266056e-01 3.290729999999999957e-03
5.002100000000000296e-02 4.286189289909786204e+00 1.536836650542567351e-01 3.300959999999999919e-03
5.050940000000000291e-02 4.048984121633576017e+00 1.487139283890417385e-01 3.310749999999999891e-03
5.100190000000000279e-02 3.918474120996515708e+00 1.460286381945706813e-01 3.320210000000000088e-03
5.149480000000000030e-02 3.954160095043269152e+00 1.466308106664142297e-01 3.329309999999999822e-03
5.198350000000000193e-02 3.860097852905294946e+00 1.458436333990042744e-01 3.337979999999999940e-03
5.247290000000000287e-02 3.676897760981923557e+00 1.425026644437757950e-01 3.346319999999999850e-03
5.296349999999999669e-02 3.459362955528434203e+00 1.391399302184807008e-01 3.354370000000000181e-03
5.345629999999999826e-02 3.556553955238487497e+00 1.386783251158174857e-01 3.362159999999999888e-03
5.394979999999999914e-02 3.507192136499864610e+00 1.401375050965348035e-01 3.374859999999999926e-03
5.443980000000000347e-02 3.472648839131609488e+00 1.397829125716991971e-01 3.388250000000000203e-03
5.493119999999999947e-02 3.395808366933860345e+00 1.367067544022814440e-01 3.401139999999999979e-03
5.542009999999999992e-02 3.260174458968613465e+00 1.359413424049381314e-01 3.413439999999999790e-03
5.590830000000000105e-02 3.185365411977083561e+00 1.328198399228815718e-01 3.425249999999999909e-03
5.639919999999999656e-02 3.155565129710849348e+00 1.325523084783125083e-01 3.436670000000000176e-03
5.688780000000000225e-02 3.192212403185545444e+00 1.324235306304182846e-01 3.447609999999999824e-03
5.737980000000000164e-02 3.137273233992347699e+00 1.290462862250787435e-01 3.458220000000000131e-03
5.787609999999999977e-02 3.087884208666141994e+00 1.289302047847233346e-01 3.468530000000000051e-03
5.836940000000000184e-02 3.089462190745972947e+00 1.280750110483551418e-01 3.478409999999999922e-03
5.885930000000000328e-02 2.982086858417240194e+00 1.285565676485794506e-01 3.487880000000000060e-03
5.934690000000000104e-02 2.929750452769511071e+00 1.262140804576578623e-01 3.496990000000000168e-03
5.983739999999999892e-02 2.924381686153074700e+00 1.255656567869226914e-01 3.505830000000000144e-03
6.032880000000000187e-02 2.953148118091143637e+00 1.269078484410318675e-01 3.515449999999999825e-03
6.081770000000000231e-02 2.845283067185912174e+00 1.249081642536597619e-01 3.529819999999999919e-03
6.131110000000000032e-02 2.683920796229397165e+00 1.200291162137224199e-01 3.543779999999999847e-03
6.169279999999999903e-02 2.739335957021096224e+00 4.979549025618015823e-02 5.309580000000000376e-03
6.180469999999999714e-02 2.810594668017212250e+00 1.217794066815809928e-01 3.557230000000000201e-03
6.228650000000000159e-02 2.813723425589291338e+00 1.248211031733932330e-01 3.569899999999999983e-03
6.277699999999999947e-02 2.851422687117208810e+00 1.292213152718645897e-01 3.582350000000000204e-03
6.326479999999999604e-02 2.669564786847945737e+00 1.327228030938344960e-01 3.594299999999999926e-03
6.375899999999999623e-02 2.687874820291502154e+00 1.386184706231342323e-01 3.605999999999999830e-03
6.424960000000000393e-02 2.645369061623869644e+00 1.395843044823411594e-01 3.617229999999999925e-03
6.451010000000000078e-02 2.590878570002819181e+00 4.517749534535785150e-02 5.354079999999999777e-03
6.473779999999999812e-02 2.661139813559652456e+00 1.471568046930245843e-01 3.628029999999999970e-03
6.522899999999999532e-02 2.598156563304327538e+00 1.487121146165361896e-01 3.638549999999999944e-03
6.572260000000000602e-02 2.559994789787493730e+00 1.533290725294211565e-01 3.648789999999999846e-03
6.621000000000000496e-02 2.333255088868324556e+00 1.553750079156848429e-01 3.658579999999999818e-03
6.670109999999999928e-02 2.435588133631619634e+00 1.573774127618152441e-01 3.668149999999999796e-03
6.719540000000000235e-02 2.295982063879211665e+00 1.560216178139144372e-01 3.680660000000000095e-03
6.732009999999999383e-02 2.387663416226543767e+00 4.039792456119543906e-02 5.391169999999999816e-03
6.768849999999999867e-02 2.479544910303694394e+00 1.590515247844405955e-01 3.695509999999999941e-03
6.817760000000000487e-02 2.419327663119338112e+00 1.661542579161857935e-01 3.709759999999999881e-03
6.866200000000000081e-02 2.302167028123147219e+00 1.654341902314812873e-01 3.723409999999999914e-03
6.915440000000000476e-02 2.243718209131704722e+00 1.656083123920143729e-01 3.736830000000000013e-03
6.964940000000000020e-02 2.104683477718546136e+00 1.701717640159855216e-01 3.749890000000000081e-03
7.011620000000000352e-02 2.353504999820364318e+00 3.914550923578959812e-02 5.444870000000000092e-03
7.289769999999999583e-02 2.268356222940521416e+00 3.725919858091925052e-02 5.498280000000000355e-03
7.569760000000000377e-02 2.173793426061397138e+00 3.536299736062463450e-02 5.543949999999999746e-03
7.853499999999999370e-02 2.090946453498474966e+00 3.393875593952989933e-02 5.591419999999999724e-03
8.132240000000000302e-02 2.033922848116008097e+00 3.333498187749384806e-02 5.654099999999999578e-03
8.411380000000000245e-02 1.944745913681553917e+00 3.151637663866417582e-02 5.708089999999999865e-03
8.693059999999999676e-02 1.919111366386471396e+00 3.160062627323271395e-02 5.755399999999999926e-03
8.969009999999999483e-02 1.870386844537277327e+00 3.076847006412718188e-02 5.818659999999999805e-03
9.246010000000000340e-02 1.887254754297212234e+00 3.058324674799995854e-02 5.880550000000000013e-03
9.525210000000000621e-02 1.806556731858290465e+00 2.921726974867728741e-02 5.935270000000000302e-03
9.806209999999999927e-02 1.786317038430991211e+00 2.829924544884286630e-02 5.992189999999999669e-03
1.008570000000000022e-01 1.811771757263814342e+00 2.882803104211673767e-02 6.062650000000000157e-03
1.036509999999999931e-01 1.779276754133534144e+00 2.780615580532749820e-02 6.124830000000000378e-03
1.064760000000000012e-01 1.757382638853447920e+00 2.748687037058586760e-02 6.180760000000000420e-03
1.092749999999999971e-01 1.751718042292275568e+00 2.725704959581830983e-02 6.253169999999999736e-03
1.120529999999999998e-01 1.748571044202735569e+00 2.669472599433305587e-02 6.322079999999999887e-03
1.148269999999999985e-01 1.728565127776373389e+00 2.662558195059430352e-02 6.383699999999999965e-03
1.176240000000000063e-01 1.739525672551085922e+00 2.621422434317584316e-02 6.448950000000000168e-03
1.204100000000000031e-01 1.710420435934396188e+00 2.585366827634567530e-02 6.524979999999999669e-03
1.232110000000000011e-01 1.699954419430897090e+00 2.519729438909873442e-02 6.593759999999999726e-03
1.260120000000000129e-01 1.705088522028403997e+00 2.533036745117071831e-02 6.655949999999999887e-03
1.287889999999999868e-01 1.685747970912401694e+00 2.455602609268158973e-02 6.734470000000000213e-03
1.315910000000000135e-01 1.724384116028841341e+00 2.483790720727324999e-02 6.809499999999999581e-03
1.343860000000000054e-01 1.704701890834546152e+00 2.430804264322582176e-02 6.877470000000000111e-03
1.371829999999999994e-01 1.687708101151029538e+00 2.390657560123163328e-02 6.949849999999999604e-03
1.400029999999999886e-01 1.699262079851198148e+00 2.371352974699613217e-02 7.031289999999999936e-03
1.428210000000000035e-01 1.679651786041806760e+00 2.329938479841264787e-02 7.105430000000000253e-03
1.456119999999999914e-01 1.690243682468887565e+00 2.340602307653249364e-02 7.172630000000000151e-03
1.483849999999999891e-01 1.702130343824236336e+00 2.340134753651374952e-02 7.256989999999999622e-03
1.511850000000000138e-01 1.730624163669243876e+00 2.314635077702987057e-02 7.348979999999999749e-03
1.539999999999999980e-01 1.689560334312301793e+00 2.242946461223262883e-02 7.485819999999999801e-03
1.567939999999999889e-01 1.679606828926241802e+00 2.245509016810460015e-02 7.621600000000000076e-03
1.596059999999999979e-01 1.657119279720699501e+00 2.187936934618101709e-02 7.758290000000000151e-03
1.624069999999999958e-01 1.636528920791994191e+00 2.183683991485665943e-02 7.704410000000000078e-03
1.651980000000000115e-01 1.656615760026373119e+00 2.177848557885347230e-02 7.836849999999999372e-03
1.679859999999999964e-01 1.675497748563613776e+00 2.206782957462890757e-02 7.685499999999999624e-03
1.707490000000000119e-01 1.658090353416900475e+00 2.152294933398281318e-02 7.811870000000000272e-03
1.735530000000000128e-01 1.702777726288370319e+00 2.164289491830986151e-02 7.940189999999999748e-03
1.763639999999999930e-01 1.666299522719043802e+00 2.108650565607916513e-02 8.068769999999999415e-03
1.791560000000000097e-01 1.666335488411495591e+00 2.109828442035715720e-02 8.196530000000000482e-03
1.819769999999999999e-01 1.653055156473636211e+00 2.049478010101449255e-02 8.325549999999999271e-03
1.847840000000000038e-01 1.676522770798492434e+00 2.077477301675243263e-02 8.453989999999999769e-03
1.875539999999999985e-01 1.687645161189238685e+00 2.076137579631410698e-02 8.580720000000000014e-03
1.903449999999999864e-01 1.680532945506878040e+00 2.033698062538183762e-02 8.708419999999999703e-03
1.931400000000000061e-01 1.667342527800148577e+00 2.030074519023656113e-02 8.836309999999999998e-03
1.959259999999999891e-01 1.676531762221605604e+00 1.994684277650999107e-02 8.670169999999999613e-03
1.987200000000000077e-01 1.690477459469824861e+00 1.991141656944488136e-02 8.793810000000000862e-03
2.015109999999999957e-01 1.675794465526341925e+00 1.956362832343513242e-02 8.710219999999999421e-03
2.043089999999999906e-01 1.683311295248786310e+00 1.973077887910528253e-02 8.831169999999999298e-03
2.071050000000000113e-01 1.684363291753004033e+00 1.960642749745288016e-02 8.952009999999999829e-03
2.099159999999999915e-01 1.665319457599729880e+00 1.912808378784278118e-02 9.073509999999999909e-03
2.127330000000000054e-01 1.662693962050741936e+00 1.905983888641532564e-02 9.195300000000000001e-03
2.155269999999999964e-01 1.666856990952048090e+00 1.910551531582922041e-02 9.316049999999999331e-03
2.183219999999999883e-01 1.668097807341638150e+00 1.886544431871287411e-02 9.436860000000000040e-03
2.211150000000000060e-01 1.677439895956015725e+00 1.912583593206453741e-02 9.557609999999999370e-03
2.238950000000000107e-01 1.660733831812114314e+00 1.874855581824424328e-02 9.677760000000000529e-03
2.266759999999999886e-01 1.680541936929991209e+00 1.857151469714982822e-02 9.797949999999999715e-03
2.294819999999999915e-01 1.666560273989319718e+00 1.828873444024686420e-02 9.919249999999999248e-03
2.323139999999999927e-01 1.658809667265938259e+00 1.833306215619381896e-02 1.004170000000000063e-02
2.351179999999999937e-01 1.661021557351729294e+00 1.840805062495599886e-02 9.852470000000000325e-03
2.378909999999999914e-01 1.681692839088451352e+00 1.832757738809490111e-02 9.968670000000000656e-03
2.406739999999999990e-01 1.649899166960983266e+00 1.790102427561552148e-02 1.008530000000000017e-02
2.434679999999999900e-01 1.635899521174086102e+00 1.782055103875442373e-02 1.013690000000000077e-02
2.462679999999999869e-01 1.649656398536933022e+00 1.769637948556428489e-02 1.025350000000000046e-02
2.490650000000000086e-01 1.655276037982540416e+00 1.766715736044712631e-02 1.036989999999999960e-02
2.518690000000000095e-01 1.660239303540900879e+00 1.763505797993381724e-02 1.048669999999999984e-02
2.546740000000000115e-01 1.678204166920618245e+00 1.765906507964544805e-02 1.060340000000000067e-02
2.574620000000000242e-01 1.686377370530309783e+00 1.755413517191707282e-02 1.064979999999999920e-02
2.602619999999999933e-01 1.675596654217856640e+00 1.726182400651435703e-02 1.076560000000000017e-02
2.630549999999999833e-01 1.698524783155934470e+00 1.738977195741194665e-02 1.088109999999999945e-02
2.658490000000000020e-01 1.685370331141656797e+00 1.701249184359165251e-02 1.099669999999999988e-02
2.686629999999999852e-01 1.700565836202579062e+00 1.710941938474948645e-02 1.089200000000000064e-02
2.714750000000000218e-01 1.669950040502910182e+00 1.685783936604853470e-02 1.100600000000000016e-02
2.742629999999999790e-01 1.690918039202360390e+00 1.707821914654747419e-02 1.111900000000000041e-02
2.770509999999999917e-01 1.715986126841325898e+00 1.705448178952923000e-02 1.123200000000000066e-02
2.798359999999999737e-01 1.686710053185489722e+00 1.682016530320518122e-02 1.134489999999999978e-02
2.826270000000000171e-01 1.682277281590794704e+00 1.670849182814207468e-02 1.145799999999999944e-02
2.854369999999999963e-01 1.687582221227448054e+00 1.661713896931428167e-02 1.157200000000000069e-02
2.882310000000000150e-01 1.710024813317425396e+00 1.670579440120818424e-02 1.168519999999999975e-02
2.910300000000000109e-01 1.708298460079734848e+00 1.639819781651341915e-02 1.147150000000000079e-02
2.938149999999999928e-01 1.701671781245474691e+00 1.646949980179928524e-02 1.158129999999999923e-02
2.966130000000000155e-01 1.681045456624317369e+00 1.611361927498786151e-02 1.169159999999999991e-02
2.994339999999999780e-01 1.692482546824017664e+00 1.627663377602604072e-02 1.180269999999999930e-02
3.022320000000000007e-01 1.689668231389657382e+00 1.606551516133346291e-02 1.191299999999999998e-02
3.050109999999999766e-01 1.687312478534058746e+00 1.609455745798836143e-02 1.202259999999999961e-02
3.077920000000000100e-01 1.708900885428304095e+00 1.609302891605915442e-02 1.213219999999999923e-02
3.106030000000000180e-01 1.709224576660370865e+00 1.589638649257846259e-02 1.224300000000000041e-02
3.134149999999999991e-01 1.730021738320674851e+00 1.618024572025498001e-02 1.235379999999999985e-02
3.162070000000000158e-01 1.716085032495568319e+00 1.585035040624004771e-02 1.246389999999999998e-02
3.189890000000000225e-01 1.717685505809677604e+00 1.577113596861476341e-02 1.257360000000000075e-02
3.217920000000000225e-01 1.712749214520655983e+00 1.552935660110695525e-02 1.268400000000000083e-02
3.245959999999999956e-01 1.703029486135533510e+00 1.573561984731852714e-02 1.279459999999999972e-02
3.273889999999999856e-01 1.716381749458296690e+00 1.566656571781090482e-02 1.290469999999999985e-02
3.301850000000000063e-01 1.716408723727635532e+00 1.557961865630846758e-02 1.301479999999999998e-02
3.329940000000000122e-01 1.750728985749848698e+00 1.574038530156840476e-02 1.312559999999999942e-02
3.357939999999999814e-01 1.686044687875129844e+00 1.522355830103478552e-02 1.323590000000000010e-02
3.385750000000000148e-01 1.734616355531403364e+00 1.546713595316519078e-02 1.334560000000000086e-02
3.413570000000000215e-01 1.845507576783684156e+00 1.661309282891344427e-02 1.345520000000000049e-02
3.441690000000000027e-01 1.800154838601854435e+00 1.728178496582515392e-02 1.356609999999999934e-02
3.469579999999999886e-01 1.806826474551679773e+00 1.815997726126910780e-02 1.367600000000000066e-02
3.497379999999999933e-01 1.788196245861602085e+00 1.857511126639501547e-02 1.378560000000000028e-02
3.525499999999999745e-01 1.783071134687208126e+00 1.883334493819956504e-02 1.389639999999999972e-02
3.553589999999999804e-01 1.771454216025248662e+00 1.953413645562458723e-02 1.400719999999999917e-02
3.581619999999999804e-01 1.796774063511377362e+00 2.020912258871537803e-02 1.411759999999999925e-02
3.609490000000000198e-01 1.770896747792244597e+00 2.047904511056678964e-02 1.422750000000000056e-02
3.637460000000000138e-01 1.781380747141969589e+00 2.079608268953017647e-02 1.433770000000000010e-02
3.665459999999999829e-01 1.769251317362570575e+00 2.141082628776405650e-02 1.444810000000000018e-02
3.693089999999999984e-01 1.774142651536027238e+00 2.175609693530217159e-02 1.455700000000000049e-02
3.721200000000000063e-01 1.795110650235477445e+00 2.241031288100200219e-02 1.466779999999999994e-02
3.749489999999999768e-01 1.773414346263876507e+00 2.290079501181460989e-02 1.477930000000000042e-02
3.777380000000000182e-01 1.770564065137064658e+00 2.348775511262940832e-02 1.488920000000000000e-02
3.805310000000000081e-01 1.797403463129285228e+00 2.400790893971482820e-02 1.499930000000000013e-02
3.833449999999999913e-01 1.768262260820143705e+00 2.434994267493227268e-02 1.511030000000000012e-02
3.861209999999999920e-01 1.775248596578922866e+00 2.532578182538310074e-02 1.488579999999999938e-02
3.888940000000000174e-01 1.789850667714389054e+00 2.548268215870445885e-02 1.499269999999999943e-02
3.917180000000000106e-01 1.812176371303897859e+00 2.624470526752881519e-02 1.510150000000000034e-02
3.945020000000000193e-01 1.767192281469700088e+00 2.696914422774095502e-02 1.520889999999999916e-02
3.973050000000000193e-01 1.803544605115445121e+00 2.697220131159936210e-02 1.531689999999999961e-02
4.001129999999999964e-01 1.788340108631409686e+00 2.832145426393191043e-02 1.542520000000000002e-02
4.028760000000000119e-01 1.810944546337420746e+00 2.945913903041622733e-02 1.529499999999999957e-02
4.056910000000000238e-01 1.782558623569768796e+00 2.909570570818991245e-02 1.540189999999999962e-02
4.084860000000000158e-01 1.836507162247599689e+00 3.149542662281094862e-02 1.550799999999999922e-02
4.112709999999999977e-01 1.797646231553335472e+00 3.141288535863386716e-02 1.561369999999999945e-02
4.140940000000000176e-01 1.805118104160215120e+00 3.283955446396909922e-02 1.572089999999999946e-02
4.168919999999999848e-01 1.799471490445268884e+00 3.384497539646160597e-02 1.582710000000000020e-02
4.197040000000000215e-01 1.781587549873567822e+00 3.406121912232858151e-02 1.593390000000000084e-02
4.224669999999999814e-01 1.805154069852666909e+00 3.720803738340644484e-02 1.603879999999999889e-02
4.252400000000000069e-01 1.792251377685552427e+00 3.696454964550716787e-02 1.614399999999999863e-02
4.280570000000000208e-01 1.764665691574955009e+00 3.909956306368231327e-02 1.625100000000000156e-02
4.308429999999999760e-01 1.889664455691488776e+00 4.096087756229860322e-02 1.635680000000000120e-02
4.336240000000000094e-01 1.908906101153248214e+00 4.445611346900412569e-02 1.646229999999999916e-02
4.364339999999999886e-01 1.857484152370162844e+00 4.426657426978267834e-02 1.656900000000000039e-02
4.392240000000000033e-01 1.812527036805303693e+00 4.965684251177813341e-02 1.667489999999999944e-02
4.420209999999999972e-01 1.846343779133190921e+00 5.113539212847521137e-02 1.678110000000000018e-02
4.447829999999999839e-01 1.937040264073736973e+00 6.108593034490769624e-02 1.688600000000000170e-02
4.476109999999999811e-01 1.915379925794588045e+00 6.129390196151073694e-02 1.699329999999999938e-02
4.504790000000000183e-01 2.230727117212734534e+00 8.805678294304011833e-02 1.710220000000000143e-02
4.531580000000000052e-01 2.422756940636472400e+00 1.109451697909588225e-01 1.720390000000000114e-02
4.560960000000000014e-01 2.507806811862072660e+00 1.518147844086607523e-01 1.731550000000000103e-02
4.588010000000000144e-01 2.995132953162030542e+00 5.912247327972804944e-01 1.741819999999999827e-02
4.613780000000000103e-01 2.906909109577551220e+00 1.663089584667712728e+00 1.751600000000000032e-02
4.639789999999999748e-01 8.706997425639144694e+00 1.259527541088200309e+01 1.761470000000000050e-02
