GRASP V.7.11CD    Instrument:  ILL_d11 
  
***** Sample, Backgrounds and Transmissions Data: ***** 
Subtitle:  Acb75 73.1D 
Start: 11-Jul-16   20:44:43   End: 11-Jul-16   20:49:43 
  
Foreground: Sum 11361 , Loaded: 11361 
Background: Sum 11004 , Loaded: 11004 
Cadmium: Sum 11360 , Loaded: 11360 
Det: 1 : Applying Deadtime Correction per Detector: 1/[1-tau/detector_rate], tau = 0 (seconds) 
Data Normalisation: Standard Monitor (10000000) counts 
Attenuator: 0 is In.  Attenuation factor 1 
Attenuator: 0 is In. Up-scaling data by 1 
Attenuator2: is Out 
Attenuator2: Up-scaling data by 1 
  
Beam Centre1 :  Cx = 128.2904  Cy = 129.2295       Cm Translation :  Tx = 0  Ty = 0 [mm] 
Transmissions:  Ts = 0.95753 +/- 0.0030718  Te = 0.94716 +/- 0.0024123 
Transmissions Thickness Correction is:  on 
Applying standard SANS data reduction:  I_corr = 1/[Ts Te] [I_s - I_cd]  - 1/[Te] [I_bck - I_cd] 
  
***** Calibrations: ***** 
Data: Corrected for Detector Efficiency (doesn't change magnitude but contains curvature correction) 
Data: Divided by Volume 0.0056 cm3 
Solid Angle Correction: 
Divide data by empty beam flux, I0, from worksheet: I0 Beam Intensity 3 1 
Applying Default Instrument Mask 
Applying User Defined Mask 
Applying NanInf Mask 
Intensity units are:  cm-1 \\ \Delta\Omega  
  
***** Analysis ***** 
Averaging I vs. Q.  Bin size:  1 [Pixel(s)] 
 
 
Mod_Q   	I       	Err_I   	Sigma_Q
 
 
0.0501672	4.80027	0.143335	0.00513819
0.0530885	4.24605	0.113522	0.00518411
0.056053	3.43296	0.0781455	0.00522106
0.0588968	3.32639	0.0654871	0.00525582
0.0616928	3.04661	0.0553811	0.00530958
0.0645101	2.8815	0.0502451	0.00535408
0.0673201	2.65549	0.0449294	0.00539117
0.0701162	2.6175	0.0435365	0.00544487
0.0728977	2.5228	0.0414386	0.00549828
0.0756976	2.41763	0.0393297	0.00554395
0.078535	2.32549	0.0377457	0.00559142
0.0813224	2.26207	0.0370742	0.0056541
0.0841138	2.16289	0.0350516	0.00570809
0.0869306	2.13438	0.0351453	0.0057554
0.0896901	2.08019	0.0342198	0.00581866
0.0924601	2.09895	0.0340138	0.00588055
0.0952521	2.0092	0.0324946	0.00593527
0.0980621	1.98669	0.0314736	0.00599219
0.100857	2.015	0.0320617	0.00606265
0.103651	1.97886	0.0309252	0.00612483
0.106476	1.95451	0.0305701	0.00618076
0.109275	1.94821	0.0303145	0.00625317
0.112053	1.94471	0.0296891	0.00632208
0.114827	1.92246	0.0296122	0.0063837
0.117624	1.93465	0.0291547	0.00644895
0.12041	1.90228	0.0287537	0.00652498
0.123211	1.89064	0.0280237	0.00659376
0.126012	1.89635	0.0281717	0.00665595
0.128789	1.87484	0.0273105	0.00673447
0.131591	1.91781	0.027624	0.0068095
0.134386	1.89592	0.0270347	0.00687747
0.137183	1.87702	0.0265882	0.00694985
0.140003	1.88987	0.0263735	0.00703129
0.142821	1.86806	0.0259129	0.00710543
0.145612	1.87984	0.0260315	0.00717263
0.148385	1.89306	0.0260263	0.00725699
0.151185	1.92475	0.0257427	0.00734898
0.154	1.87908	0.0249454	0.00748582
0.156794	1.86801	0.0249739	0.0076216
0.159606	1.843	0.0243336	0.00775829
0.162407	1.8201	0.0242863	0.00770441
0.165198	1.84244	0.0242214	0.00783685
0.167986	1.86344	0.0245432	0.0076855
0.170749	1.84408	0.0239372	0.00781187
0.173553	1.89378	0.0240706	0.00794019
0.176364	1.85321	0.0234518	0.00806877
0.179156	1.85325	0.0234649	0.00819653
0.181977	1.83848	0.0227937	0.00832555
0.184784	1.86458	0.0231051	0.00845399
0.187554	1.87695	0.0230902	0.00858072
0.190345	1.86904	0.0226182	0.00870842
0.19314	1.85437	0.0225779	0.00883631
0.195926	1.86459	0.0221843	0.00867017
0.19872	1.8801	0.0221449	0.00879381
0.201511	1.86377	0.0217581	0.00871022
0.204309	1.87213	0.021944	0.00883117
0.207105	1.8733	0.0218057	0.00895201
0.209916	1.85212	0.0212737	0.00907351
0.212733	1.8492	0.0211978	0.0091953
0.215527	1.85383	0.0212486	0.00931605
0.218322	1.85521	0.0209816	0.00943686
0.221115	1.8656	0.0212712	0.00955761
0.223895	1.84702	0.0208516	0.00967776
0.226676	1.86905	0.0206547	0.00979795
0.229482	1.8535	0.0203402	0.00991925
0.232314	1.84488	0.0203895	0.0100417
0.235118	1.84734	0.0204729	0.00985247
0.237891	1.87033	0.0203834	0.00996867
0.240674	1.83497	0.019909	0.0100853
0.243468	1.8194	0.0198195	0.0101369
0.246268	1.8347	0.0196814	0.0102535
0.249065	1.84095	0.0196489	0.0103699
0.251869	1.84647	0.0196132	0.0104867
0.254674	1.86645	0.0196399	0.0106034
0.257462	1.87554	0.0195232	0.0106498
0.260262	1.86355	0.0191981	0.0107656
0.263055	1.88905	0.0193404	0.0108811
0.265849	1.87442	0.0189208	0.0109967
0.268663	1.89132	0.0190286	0.010892
0.271475	1.85727	0.0187488	0.011006
0.274263	1.88059	0.0189939	0.011119
0.277051	1.90847	0.0189675	0.011232
0.279836	1.87591	0.0187069	0.0113449
0.282627	1.87098	0.0185827	0.011458
0.285437	1.87688	0.0184811	0.011572
0.288231	1.90184	0.0185797	0.0116852
0.29103	1.89992	0.0182376	0.0114715
0.293815	1.89255	0.0183169	0.0115813
0.296613	1.86961	0.0179211	0.0116916
0.299434	1.88233	0.0181024	0.0118027
0.302232	1.8792	0.0178676	0.011913
0.305011	1.87658	0.0178999	0.0120226
0.307792	1.90059	0.0178982	0.0121322
0.310603	1.90095	0.0176795	0.012243
0.313415	1.92408	0.0179952	0.0123538
0.316207	1.90858	0.0176283	0.0124639
0.318989	1.91036	0.0175402	0.0125736
0.321792	1.90487	0.0172713	0.012684
0.324596	1.89406	0.0175007	0.0127946
0.327389	1.90891	0.0174239	0.0129047
0.330185	1.90894	0.0173272	0.0130148
0.332994	1.94711	0.017506	0.0131256
0.335794	1.87517	0.0169312	0.0132359
0.338575	1.92919	0.0172021	0.0133456
0.341357	2.05252	0.0184766	0.0134552
0.344169	2.00208	0.0192203	0.0135661
0.346958	2.0095	0.020197	0.013676
0.349738	1.98878	0.0206587	0.0137856
0.35255	1.98308	0.0209459	0.0138964
0.355359	1.97016	0.0217253	0.0140072
0.358162	1.99832	0.022476	0.0141176
0.360949	1.96954	0.0227762	0.0142275
0.363746	1.9812	0.0231288	0.0143377
0.366546	1.96771	0.0238125	0.0144481
0.369309	1.97315	0.0241965	0.014557
0.37212	1.99647	0.0249241	0.0146678
0.374949	1.97234	0.0254696	0.0147793
0.377738	1.96917	0.0261224	0.0148892
0.380531	1.99902	0.0267009	0.0149993
0.383345	1.96661	0.0270813	0.0151103
0.386121	1.97438	0.0281666	0.0148858
0.388894	1.99062	0.0283411	0.0149927
0.391718	2.01545	0.0291886	0.0151015
0.394502	1.96542	0.0299943	0.0152089
0.397305	2.00585	0.0299977	0.0153169
0.400113	1.98894	0.0314983	0.0154252
0.402876	2.01408	0.0327636	0.015295
0.405691	1.98251	0.0323594	0.0154019
0.408486	2.04251	0.0350283	0.015508
0.411271	1.99929	0.0349365	0.0156137
0.414094	2.0076	0.0365232	0.0157209
0.416892	2.00132	0.0376414	0.0158271
0.419704	1.98143	0.0378819	0.0159339
0.422467	2.00764	0.0413817	0.0160388
0.42524	1.99329	0.0411109	0.016144
0.428057	1.96261	0.0434854	0.016251
0.430843	2.10163	0.0455555	0.0163568
0.433624	2.12303	0.0494428	0.0164623
0.436434	2.06584	0.049232	0.016569
0.439224	2.01584	0.0552269	0.0166749
0.442021	2.05345	0.0568713	0.0167811
0.444783	2.15432	0.067938	0.016886
0.447611	2.13023	0.0681693	0.0169933
0.450479	2.48095	0.0979342	0.0171022
0.453158	2.69452	0.12339	0.0172039
0.456096	2.78911	0.168844	0.0173155
0.458801	3.3311	0.657543	0.0174182
0.461378	3.23298	1.84964	0.017516
0.463979	9.68367	14.0081	0.0176147
