# sample_name: ludox_SM30
# config_id: config_9
# transmission: 0.552543
# source_nexus_file: sans-llb2026n000988.nxs
# q I I_error q_error
5.969542390185473418e-02 4.342820083428118871e-01 1.205653567843261928e-02 3.728134690371139297e-03
6.034226396181534974e-02 3.885551684591464494e-01 1.708246256604065150e-02 3.751409728004482472e-03
6.089812617988303589e-02 3.614836315351787066e-01 1.946129029584966336e-02 3.771491902797137908e-03
6.144077182435274398e-02 3.919253210089360673e-01 2.129117098421001372e-02 3.791175489352250055e-03
6.192777626093420168e-02 4.104566118491130844e-01 3.113944116206625659e-02 3.808896262358915392e-03
6.241384031234069318e-02 3.616033087932907231e-01 2.025099486079183844e-02 3.826656385409177991e-03
6.293363865535542279e-02 3.005018877414272760e-01 2.461339783903011141e-02 3.845685183991392163e-03
6.356472737067683787e-02 2.972079532665400925e-01 1.797139155621353679e-02 3.868896393230329082e-03
6.424007360968177205e-02 3.359472218265771026e-01 2.637552633609269170e-02 3.893818271932843710e-03
6.461772245468716536e-02 2.358728066709726567e-01 2.124449438925582814e-02 3.907804017461677035e-03
6.516237269409848321e-02 3.193150176810942709e-01 2.584818825352617686e-02 3.928030121410414598e-03
6.576867563326783961e-02 3.029982535703342195e-01 1.338118714489630254e-02 3.950625887245064888e-03
6.614191705908580021e-02 2.885947090757775002e-01 1.052642097351728749e-02 3.964575134794609199e-03
6.671536920778201041e-02 2.690690957395703298e-01 1.268505873670003510e-02 3.986061878114196752e-03
6.727331130772147560e-02 2.704529732142281762e-01 1.449734126234579652e-02 4.007029902716964173e-03
6.778236575834388489e-02 2.424651648473014065e-01 1.334749086754778713e-02 4.026221439283791600e-03
6.829754652689057348e-02 2.662958765947287532e-01 1.704139733694146758e-02 4.045689119446768331e-03
6.879209896383409184e-02 2.319245474901532600e-01 1.297716979143930666e-02 4.064436533572407875e-03
6.943037669345879237e-02 2.602121953521435160e-01 1.678811375947082338e-02 4.088697613416744994e-03
6.993400476234450103e-02 2.199349414885125864e-01 1.247689555647868605e-02 4.107906194839364838e-03
7.045625993403653586e-02 2.666068212191786135e-01 2.523506097953642779e-02 4.127856305692268434e-03
7.086310683634433616e-02 2.506122264690218149e-01 1.621627670648357472e-02 4.143444484145998932e-03
7.131911912305163859e-02 1.884071297745212870e-01 1.404840763038519083e-02 4.160948148578690400e-03
7.213632538159334140e-02 1.963020844676999499e-01 7.154643792076859424e-03 4.192419655295165533e-03
7.258774424267358527e-02 1.997480221675518863e-01 9.247352790318845439e-03 4.209854529228534113e-03
7.311107252867139750e-02 2.048886420006225395e-01 9.421413814730513966e-03 4.230115169601271832e-03
7.367557320495204953e-02 1.882346157592281188e-01 9.998254778376770846e-03 4.252018034892438535e-03
7.419537079891397324e-02 1.576164328656624591e-01 8.992172534817165913e-03 4.272232885022793705e-03
7.481695162658472120e-02 1.919013180329832424e-01 1.191990089261031095e-02 4.296467138185047600e-03
7.529751382175978169e-02 1.614385343370225157e-01 9.135357674415358828e-03 4.315255929000482056e-03
7.562206053925574212e-02 1.489320762932561659e-01 1.714689902562496066e-02 4.327952997331337669e-03
7.620275767932808975e-02 1.615256359996464219e-01 9.193787154858620858e-03 4.350734561729232772e-03
7.678190082729043076e-02 1.662202197769883094e-01 1.087219745307820874e-02 4.373504474420357446e-03
7.725637191141274118e-02 1.553197072971602699e-01 1.252462206720249271e-02 4.392198334658088503e-03
7.783203267950795923e-02 1.621613040411941098e-01 9.317746047863581169e-03 4.414930457177205017e-03
7.850126671240996445e-02 1.576075498963759869e-01 6.296996600299254766e-03 4.441415633466649568e-03
7.899060204531639651e-02 1.545838995466038701e-01 7.670886012620405613e-03 4.460829049454325540e-03
7.942879981670053491e-02 1.684943729283513159e-01 9.892391958832824281e-03 4.478239126194929684e-03
7.996117585066947475e-02 1.442433549554559269e-01 7.245701731349724062e-03 4.499433970406542180e-03
8.056201434338908229e-02 1.304247251562531407e-01 8.409155297507592969e-03 4.523400687320081395e-03
8.103404617568950308e-02 1.435248827110623404e-01 8.712814304698822745e-03 4.542267809635613766e-03
8.160201917376426473e-02 1.543607304208816922e-01 8.206087163958000752e-03 4.565010483110778367e-03
8.214930817199180002e-02 1.442824390002231949e-01 1.031292316053375631e-02 4.586964709000356487e-03
8.265989358431100054e-02 1.450490899588929294e-01 8.887268501165709877e-03 4.607484985472067897e-03
8.318256493928398443e-02 1.171311783943135704e-01 7.877742101211782089e-03 4.628526288384744898e-03
8.378183228181233788e-02 1.550239135038049276e-01 1.094421026084425701e-02 4.652704304049019163e-03
8.425758210438737128e-02 1.295757621891373279e-01 8.211553670399990637e-03 4.671925705214881666e-03
8.479028360015422594e-02 1.243800227699951577e-01 5.227454646377223749e-03 4.693482273713352887e-03
8.533893583465047838e-02 1.296990263677092192e-01 6.348053129255258609e-03 4.715730014922083976e-03
8.582221861979920374e-02 1.239006242999049628e-01 6.519974926580494184e-03 4.735353655209409603e-03
8.642451277825077827e-02 1.323433824831618810e-01 6.451865643715341651e-03 4.759850444130399490e-03
8.705900607264868696e-02 1.342451412583895443e-01 7.712227780834970785e-03 4.785704075952250565e-03
8.762881889752739684e-02 1.200437265548032900e-01 6.592504707614670750e-03 4.808965721444884850e-03
8.818093917320958541e-02 1.364271412408667450e-01 1.001190761346281398e-02 4.831540423815044311e-03
8.855176132118638965e-02 1.360162254972457352e-01 7.603845235057879112e-03 4.846729844052208476e-03
8.916795901954985282e-02 1.388724113148944728e-01 8.648860472559390458e-03 4.871989241268630255e-03
8.963170233363071393e-02 1.250299355294798853e-01 7.500126224318568249e-03 4.891036853505706730e-03
9.014804818518762364e-02 1.204712751465307763e-01 9.570322107229854366e-03 4.912264841736918401e-03
9.069986081900453800e-02 1.056019153581915920e-01 6.915481873507335273e-03 4.934992337858845959e-03
9.113098358908745811e-02 1.219677192279637890e-01 4.838303593990033770e-03 4.952764819917070994e-03
9.178799028746870148e-02 1.295459289378907142e-01 5.819945060998549941e-03 4.979893806804106156e-03
9.235762557739379819e-02 1.093709605510400640e-01 6.423348348005856502e-03 5.003452820256226903e-03
9.282473719851348781e-02 1.168887247941696322e-01 6.538601881271332607e-03 5.022797469704166039e-03
9.343214520791595645e-02 1.166377549640584543e-01 6.087708966199994846e-03 5.047983405852937873e-03
9.395062828396515131e-02 1.188059165411380624e-01 8.166392989207359870e-03 5.069515348932753483e-03
9.434773594118193996e-02 1.139021823739216066e-01 7.156150205824288180e-03 5.086024085423537788e-03
9.493360445887956411e-02 1.185985478371335972e-01 6.543860228388675461e-03 5.110411096111621733e-03
9.549893264615305633e-02 1.110471047623156765e-01 6.530405744789653105e-03 5.133972692374340688e-03
9.605517785630157679e-02 1.039693007354226401e-01 7.558063432989457937e-03 5.157185854257252504e-03
9.645734446451943722e-02 9.938225583490162274e-02 7.365388089963734869e-03 5.173986994814098496e-03
9.714181199834164004e-02 1.130421981038978729e-01 4.855904766405253793e-03 5.202624602439591579e-03
9.761070220557745147e-02 1.168315226988323186e-01 5.079661716381511476e-03 5.222265212901316608e-03
9.819784979944429226e-02 1.276569130972092514e-01 6.073825501425921328e-03 5.246887004845522846e-03
9.873141459092488192e-02 1.257306238508271723e-01 5.984393043642325175e-03 5.269290832685093011e-03
9.919299974119309693e-02 1.157090336669056585e-01 7.535092763121369226e-03 5.288693188293670279e-03
9.971508408701391935e-02 1.099225813361649345e-01 5.831692671940967576e-03 5.310661481718019147e-03
1.002671229623913612e-01 1.158795748632745620e-01 6.064462731153851503e-03 5.333914754515721099e-03
1.008436645414449023e-01 1.046270228242280192e-01 6.244031731003987090e-03 5.358231115139786352e-03
1.013250986273512982e-01 1.063132215343051135e-01 6.077307658874147624e-03 5.378555984192954706e-03
1.019620799398899269e-01 1.093478794177253632e-01 5.849528570228772727e-03 5.405478626585826646e-03
1.024641589551506804e-01 9.334384202237522299e-02 7.061063690379245326e-03 5.426727827634899096e-03
1.029328446505897582e-01 1.085325294694247933e-01 5.977868075029942226e-03 5.446575836838426186e-03
1.035467045731912616e-01 1.020073283922819929e-01 4.841636416455645867e-03 5.472600852523148637e-03
1.040049139022520691e-01 1.043395860169874928e-01 4.388590547480168344e-03 5.492051759207006688e-03
1.046124707272265003e-01 1.045897505162893953e-01 5.378274766634555046e-03 5.517862503258655349e-03
1.051007880776206604e-01 1.074731894364591572e-01 5.258499976069228726e-03 5.538635002544516767e-03
1.056948026439201854e-01 1.015626163691795841e-01 5.743300221071716283e-03 5.563919120670281562e-03
1.061782808738630512e-01 1.114610548613069879e-01 6.609210579587678110e-03 5.584518627892081331e-03
1.066335207921809136e-01 9.697063223721359704e-02 5.354880230062543899e-03 5.603933293781767321e-03
1.072496858539278980e-01 1.017094072855691672e-01 6.338902593562359411e-03 5.630238252730040104e-03
1.077044923042363989e-01 1.070211402258727934e-01 6.490624399285781915e-03 5.649668424293108511e-03
1.082037170125759451e-01 9.902216933455776360e-02 5.687968788114498853e-03 5.671018772460757577e-03
1.087858812698981048e-01 9.561768082384868028e-02 5.539586909471207535e-03 5.695938497982428080e-03
1.093054150031919358e-01 1.118867406415030991e-01 7.338148413328275319e-03 5.718197403895689847e-03
1.098359956383504754e-01 9.751268376288207973e-02 3.769634244121623529e-03 5.740944108635886306e-03
1.104578212287744832e-01 8.571245212694419968e-02 3.803575070293242592e-03 5.767633612767706676e-03
1.110099413321882500e-01 1.076254780686934504e-01 6.034750041797856158e-03 5.791354296238311952e-03
1.114891067083943477e-01 9.251078409290432181e-02 4.823292010776499342e-03 5.811954592099174630e-03
1.119995559631239701e-01 9.112272117494725487e-02 5.496162843781939901e-03 5.833917192810481218e-03
1.125012648129413428e-01 9.769936147951967242e-02 4.999119090482743478e-03 5.855522734257592385e-03
1.131156590543973550e-01 8.914523746455826902e-02 5.141786033448548371e-03 5.882002730773826758e-03
1.136264980203819802e-01 9.506414684131714310e-02 6.114232958790244941e-03 5.904039548882775851e-03
1.141456368734538318e-01 9.170441473257116838e-02 4.742614022359951595e-03 5.926449803941924617e-03
1.146948606885150601e-01 8.219096832427769117e-02 6.244620389496023313e-03 5.950175767272684879e-03
1.152309024792914083e-01 9.496702580649861447e-02 5.199627617507670066e-03 5.973352935029285250e-03
1.158358767694026709e-01 8.798321827791551197e-02 4.866066933234416449e-03 5.999531252117922681e-03
1.162700905935354079e-01 9.775028115893023839e-02 3.923443318810619813e-03 6.018337180021992444e-03
1.168708155951374006e-01 9.327360827728092829e-02 4.488657181495047353e-03 6.044368702203706256e-03
1.173658212038155568e-01 9.385218522967116173e-02 5.325920877325085456e-03 6.065834542470096603e-03
1.178349363867930433e-01 9.116670268485077555e-02 5.041158063605448610e-03 6.086194589648447756e-03
1.183521096803737127e-01 8.175974843185344898e-02 4.821420726414351286e-03 6.108653678615315330e-03
1.189587968979899796e-01 9.391990035281225224e-02 4.757572523738536757e-03 6.135019542927792370e-03
1.195087566609991658e-01 8.836972744343445096e-02 5.399376154474455798e-03 6.158940271483348723e-03
1.199117382608967802e-01 8.776815071703680804e-02 5.275148138447292162e-03 6.176474058814032143e-03
1.205553885816248172e-01 7.802884640486289214e-02 4.650496267885498129e-03 6.204505088942467890e-03
1.209716466177225974e-01 8.642099612351394899e-02 5.839288976221671847e-03 6.222641181794634144e-03
1.216321568317179636e-01 8.222402909751988509e-02 4.358846022345959706e-03 6.251448003774803114e-03
1.222362727506083324e-01 8.660712805494333311e-02 4.320531008078882899e-03 6.277812512215850266e-03
1.226808800067786531e-01 9.031334174601321485e-02 4.030316088594758199e-03 6.297229623203713135e-03
1.232209234770028777e-01 8.920289583165917635e-02 4.485263873648222092e-03 6.320827729529535088e-03
1.237388780081652290e-01 7.885391489433363210e-02 4.313843201059311058e-03 6.343473509354520014e-03
1.242976000223297017e-01 9.154118685456182070e-02 5.254117469972382180e-03 6.367919940269668212e-03
1.247280432600205435e-01 8.019291787401117144e-02 5.094383636881311649e-03 6.386760608370015829e-03
1.252847799033078857e-01 7.746728007490330525e-02 4.312371611854526852e-03 6.411148030277649505e-03
1.259010788780351164e-01 8.510236874083064451e-02 4.975497885562212702e-03 6.438160744898746915e-03
1.263690055104337295e-01 8.145068613070191588e-02 5.448341168009635492e-03 6.458683634474184782e-03
1.269197448526185878e-01 8.123551885137066109e-02 4.544018974761207010e-03 6.482852802851161306e-03
1.274880229821879762e-01 7.967208431201774910e-02 5.085588795430391086e-03 6.507805571371016659e-03
1.280909211171326056e-01 7.582171704530107914e-02 4.790419486804678786e-03 6.534297231669358719e-03
1.285813419417419501e-01 8.457853024806714914e-02 3.759894018491171438e-03 6.555857001120608818e-03
1.290660562587015725e-01 8.442536830756992849e-02 4.443306842332437473e-03 6.577178840620949950e-03
1.295802595549163105e-01 8.233913965684321046e-02 4.371216777235181414e-03 6.599810783085231433e-03
1.301506496052084183e-01 7.349043457091386511e-02 3.965788489716982716e-03 6.624927331545255732e-03
1.307138181858678305e-01 7.943364891311192888e-02 5.114524019577909239e-03 6.649740731858535051e-03
1.311632471390462296e-01 8.367513301387126401e-02 4.677728005295605021e-03 6.669554739634869257e-03
1.317603876361267967e-01 7.093208794919794724e-02 4.690359387091111616e-03 6.695893792012410153e-03
1.322764575337915527e-01 8.442299704259439985e-02 4.396596131567586697e-03 6.718669531813594060e-03
1.328860362037661003e-01 7.944869441172693059e-02 4.727784497692257698e-03 6.745584519124179189e-03
1.333923180371101580e-01 6.526604225542834148e-02 5.836753522573267725e-03 6.767953007511424805e-03
1.338708902526923872e-01 8.352609198966436110e-02 4.845745437919228918e-03 6.789107072592689626e-03
1.344029596743313570e-01 7.214000111267526716e-02 4.763468464241166211e-03 6.812640025062553610e-03
1.349286768206011677e-01 8.692166589682871758e-02 3.749954455917453751e-03 6.835900175641042298e-03
1.354628912572438670e-01 8.169978620936960145e-02 4.557951436300899245e-03 6.859549139629808959e-03
1.360357197592062251e-01 7.343764397097782282e-02 3.742384276894541225e-03 6.884919670402011443e-03
1.364837627868341063e-01 8.585935165740340991e-02 5.815598455549951876e-03 6.904770456979395475e-03
1.370625351768304800e-01 7.932583867198510219e-02 4.230949146401764317e-03 6.930431349386079881e-03
1.376195762726356853e-01 7.697864577762315863e-02 4.809445980383721987e-03 6.955137726116192472e-03
1.381130715385040231e-01 7.840093706272328877e-02 4.986602320679337820e-03 6.977038154927916493e-03
1.386233230791887594e-01 7.793093825862799917e-02 5.083034966576640938e-03 6.999689104263571646e-03
1.391785396523688989e-01 7.694969814360216875e-02 4.841190064283766234e-03 7.024351184068962188e-03
1.396921178391822282e-01 7.981768088721305499e-02 5.141817466675174982e-03 7.047172038366474912e-03
1.402756959892499655e-01 7.752899344671891624e-02 4.883880374041391775e-03 7.073114900858044549e-03
1.408723195150412000e-01 8.455579100806302761e-02 4.646161720390410733e-03 7.099652105213134778e-03
1.413112486656278588e-01 8.128888445844668909e-02 3.856321768058025394e-03 7.119183318848832168e-03
1.418597220020118843e-01 7.890712186982830334e-02 4.535428584163501628e-03 7.143600851883214094e-03
1.424078764602737246e-01 8.589823455614802039e-02 5.230025731111235046e-03 7.168010353967303218e-03
1.429726501816220019e-01 7.913649081227805415e-02 4.896812933269959964e-03 7.193175561095860315e-03
1.435314206608301890e-01 1.058282022117179588e-01 7.667683488525966866e-03 7.218081599875874992e-03
1.439629222760802074e-01 7.502775883713116989e-02 5.278673022414374395e-03 7.237325055716835841e-03
1.444805746506832300e-01 8.910294813362780453e-02 6.888690753764159860e-03 7.260416622033107753e-03
1.450807353198309835e-01 7.987995523469575143e-02 6.292253674997305701e-03 7.287204860623727048e-03
1.455634008657843148e-01 8.858648323759124588e-02 6.441132605786512554e-03 7.308751112771594630e-03
1.461337982837181415e-01 7.315806030087843026e-02 7.240075326916726658e-03 7.334227835402808149e-03
1.467331925783082469e-01 9.807948086254227038e-02 6.946790688335332739e-03 7.361012298024995418e-03
1.472524485608258937e-01 1.028702059342564562e-01 5.425192860977139098e-03 7.384225102060302387e-03
1.477116586309492052e-01 9.970741431362430129e-02 6.679358101302984921e-03 7.404763709167936150e-03
1.482493086994341736e-01 8.765052440479541296e-02 5.710305784109874841e-03 7.428815788413200248e-03
1.487883205581392587e-01 8.581508568576545759e-02 6.761198493575948723e-03 7.452938252523103220e-03
1.493932302791423639e-01 1.083477924143020632e-01 8.171799780681788736e-03 7.480020110351452353e-03
1.498879851832824739e-01 8.528580001672886324e-02 8.413563026611142748e-03 7.502179370039093430e-03
1.504289776870178230e-01 1.061946385360581085e-01 8.946208490608033997e-03 7.526421410738887499e-03
1.509299757951906018e-01 1.212451473003587910e-01 1.127646470273690853e-02 7.548877698098517205e-03
1.514944383171272224e-01 1.022513833760863439e-01 9.881982497310077759e-03 7.574182446723034916e-03
1.519989951464165157e-01 1.188423084231531313e-01 1.457491011999612063e-02 7.596814374182891613e-03
1.525144479667729924e-01 1.208272722717657066e-01 1.589342221815607734e-02 7.619945499485928676e-03
1.531567734605545350e-01 1.004380001249124410e-01 1.076346635259535153e-02 7.648775526618321885e-03
1.535845727830068563e-01 7.584105180641524668e-02 1.180229728467453894e-02 7.667986880508454242e-03
1.540224663459474896e-01 1.306485785699806335e-01 1.969209175439669279e-02 7.687654075281466319e-03
1.546638169964666409e-01 1.015301254827386535e-01 1.119231912322860706e-02 7.716473473956157909e-03
1.550822475403231537e-01 9.100005923406066788e-02 2.093676157924443879e-02 7.735276565353831589e-03
1.557540630314673269e-01 7.822839960005409377e-02 1.798061052663860876e-02 7.765483069051279559e-03
1.561149130212590996e-01 1.057057668899163971e-01 1.136392927809596123e-02 7.781714785613463511e-03
nan nan nan nan
1.571189336542627712e-01 9.808891868384812807e-02 1.190725308298150840e-02 7.826890699142574973e-03
1.578389606133546452e-01 9.532197802896169581e-02 1.356050372743245434e-02 7.859311763220407782e-03
1.584181426039182883e-01 1.131335482353019728e-01 1.600430459869038244e-02 7.885391046117684599e-03
1.591836526533828844e-01 1.510470390753730074e-01 2.940781659880764218e-02 7.919881856302515150e-03
1.594393459220905251e-01 9.605304808133696692e-02 1.683674794566693625e-02 7.931411762922729522e-03
1.597964162223455553e-01 8.247940372966008904e-02 2.137087171899205301e-02 7.947501803517045479e-03
1.605043608859314797e-01 1.065081472416635616e-01 2.017423746460359629e-02 7.979431616865246754e-03
1.610444753025430109e-01 1.120990513677329881e-01 1.834835950003359598e-02 8.003790713784805777e-03
1.613948564447690581e-01 1.480337336506858947e-01 3.480461735929989142e-02 8.019596913351717538e-03
1.622155094256342023e-01 1.452482704477937869e-01 2.460544514863524657e-02 8.056636926222450132e-03
1.625689720575121677e-01 1.508770651737722512e-01 2.532770439875882754e-02 8.072595575068947441e-03
nan nan nan nan
1.635965163802158562e-01 1.870500065981041682e-01 2.947235185939598573e-02 8.119008080117569304e-03
1.640314550702332563e-01 1.596803063044632820e-01 3.494437309495381644e-02 8.138659107728698702e-03
1.648555545913260034e-01 1.574128265167964447e-01 3.000002285796701459e-02 8.175909047784118977e-03
nan nan nan nan
1.661155833587917852e-01 1.736662362678509652e-01 5.358939356267738985e-02 8.232894413600696376e-03
