# sample_name: ludox_SM30
# config_id: config_9
# transmission: 0.552543
# source_nexus_file: sans-llb2026n000988.nxs
# q I I_error q_error
4.932978283262305294e-03 7.859905848880971435e-01 1.754332211451839207e-01 5.673090788893123994e-03
5.353185808364799465e-03 7.411410462661418563e-01 1.929557553074608689e-01 5.673944096917915743e-03
5.651850993144589066e-03 6.319835183922934974e-01 1.169123788205893300e-01 5.674592300522327513e-03
6.029162238379073661e-03 9.089073498235475945e-01 1.427595735638023944e-01 5.675464577369837560e-03
6.392309602992736137e-03 8.245966935431342515e-01 1.069900579863114765e-01 5.676354985904657167e-03
6.687163922328937492e-03 8.029032823067504543e-01 1.264740786136609174e-01 5.677117120846935511e-03
7.032461424647461559e-03 7.981833965464150138e-01 7.760915333701687291e-02 5.678053496617650395e-03
7.354238702689045760e-03 9.188878633022927733e-01 9.136466687905803186e-02 5.678965965117410697e-03
7.695289130432875560e-03 9.239957962832290317e-01 9.410131988301510819e-02 5.679978763058424196e-03
8.050111978813709324e-03 8.073323267173921902e-01 6.415579199309937031e-02 5.681081890103341879e-03
8.389385469566267017e-03 7.711955175644178428e-01 6.060352320713281032e-02 5.682183075661609295e-03
8.752442946748649130e-03 8.598658229122542185e-01 6.604679586569738026e-02 5.683410127378132198e-03
9.101497594975110905e-03 8.840206936313227404e-01 6.679184045425710925e-02 5.684639912366266749e-03
9.428720281188695401e-03 8.628608627223437466e-01 5.691495082600441652e-02 5.685834696350891733e-03
9.746520921578103597e-03 8.048673082526464073e-01 5.248715796044298859e-02 5.687036166692079758e-03
1.011071326604861056e-02 8.627327025095951063e-01 5.293039143829565696e-02 5.688462229613138431e-03
1.044613994595451796e-02 8.636438235166973287e-01 4.936770295951489057e-02 5.689820328534600513e-03
1.081383447107065431e-02 8.528276491597635012e-01 4.870855068012595879e-02 5.691360821286148806e-03
1.115334743979995262e-02 8.461925040669602271e-01 4.452409570464497396e-02 5.692829461734463976e-03
1.148730745962579965e-02 8.584405550380983518e-01 4.703201030096925556e-02 5.694318290158114845e-03
1.182532244192137198e-02 8.310845288737647163e-01 4.192016907268763387e-02 5.695869758854005781e-03
1.215335274439132904e-02 8.963382313308978500e-01 4.554207696216153872e-02 5.697417783762186855e-03
1.251484396103368438e-02 8.225296979460041680e-01 3.966637966064404802e-02 5.699172004098284824e-03
1.285567338366407075e-02 7.966641250057633350e-01 3.649907772431722902e-02 5.700873027476703603e-03
1.321495435574599267e-02 7.902351637597292422e-01 3.862887252446366854e-02 5.702713983314968392e-03
1.354680958756255237e-02 8.971786924839305621e-01 4.047590108641925533e-02 5.704460030124432202e-03
1.389117566214679612e-02 8.602096733654743810e-01 3.985084297883471210e-02 5.706316818236537892e-03
1.423900655475601219e-02 9.521787815930903287e-01 4.144576232519678327e-02 5.708238926470484559e-03
1.458306571020596097e-02 9.036335178630499065e-01 4.032126744199780038e-02 5.710186186536961132e-03
1.492217454750798498e-02 8.741534535657166094e-01 3.672331789698154297e-02 5.712150057934341392e-03
1.524943635752700269e-02 9.351074995529173872e-01 3.901552287492636439e-02 5.714087550272848627e-03
1.560079463388623633e-02 8.864130589498376844e-01 3.583469546239619746e-02 5.716214025874868931e-03
1.593588812229359067e-02 9.185237016124865317e-01 3.717072595981251587e-02 5.718286048533055554e-03
1.629632523940135330e-02 8.609508848118404556e-01 3.374171122454603516e-02 5.720563661204536993e-03
1.663866206924457039e-02 9.600622873912734168e-01 3.693123187617414899e-02 5.722772750325730469e-03
1.697790145039942619e-02 9.383907201595290681e-01 3.853467409352578921e-02 5.725006350890594724e-03
1.731304560631597225e-02 9.047060160290757436e-01 3.454077284211214127e-02 5.727256515608993015e-03
1.764388672744836989e-02 9.927450548397825925e-01 3.934761832359464501e-02 5.729519893877823948e-03
1.800909900456141785e-02 9.806822588884929193e-01 3.679482248909772546e-02 5.732067195024247164e-03
1.834484651319895007e-02 1.069469201103125489e+00 3.913608781062184044e-02 5.734453789317636024e-03
1.869226604744424897e-02 1.048088537400744702e+00 3.789528259138397193e-02 5.736968750201608576e-03
1.902234044690943177e-02 1.064575432738804395e+00 3.777009619766045351e-02 5.739400924241667978e-03
1.936306609355268465e-02 1.055336440815963561e+00 3.880411862172176984e-02 5.741955396480854200e-03
1.971442078217230248e-02 1.022297328367801184e+00 3.467205455421111526e-02 5.744635530183250273e-03
2.005013577292987306e-02 1.049298351925251893e+00 3.617949278792464279e-02 5.747240264638917365e-03
2.039499083420220557e-02 1.028912132094560228e+00 3.520806255283989716e-02 5.749960152392744397e-03
2.072484678089401081e-02 1.065980260804598734e+00 3.733615180070994077e-02 5.752603824464686856e-03
2.106998800192130122e-02 1.077440340959322729e+00 3.561256977094024584e-02 5.755414575549271800e-03
2.141269472610385360e-02 1.142894139505332474e+00 3.800889273263629436e-02 5.758249575595955454e-03
2.175750280767495964e-02 1.192024160626779405e+00 3.871452001406283649e-02 5.761147311419672484e-03
2.210136542799986947e-02 1.162383020033542991e+00 3.531183341100375267e-02 5.764081273940285279e-03
2.244608324368108435e-02 1.135091858354612127e+00 3.658165535329815921e-02 5.767067138806214639e-03
2.278299527415597603e-02 1.111137977545668898e+00 3.352096747151420836e-02 5.770028523954042442e-03
2.311706690968011804e-02 1.176578316390652690e+00 3.661517655956661454e-02 5.773006960169745592e-03
2.346464996499710715e-02 1.215700075500746546e+00 3.670027067520419128e-02 5.776150289217771121e-03
2.380063336551837411e-02 1.209416615064784484e+00 3.533307695010912824e-02 5.779231869966986596e-03
2.416165167218880735e-02 1.283730443156010148e+00 3.754602405843734947e-02 5.782589703380974430e-03
2.450509012649479054e-02 1.286144418225917185e+00 3.827477732972865004e-02 5.785829303544044212e-03
2.484740414511727585e-02 1.281442115843246077e+00 3.794992966805474377e-02 5.789101653251368419e-03
2.519276232837720786e-02 1.291114947560487503e+00 3.576225490807826563e-02 5.792447703481336599e-03
2.552956860659330238e-02 1.273025668592239645e+00 3.667860581957561872e-02 5.795753185183941808e-03
2.588056415158856288e-02 1.428891362504517204e+00 3.945453776048047506e-02 5.799242438245040543e-03
2.621767379656387079e-02 1.451641551786302164e+00 4.048539386566787218e-02 5.802636515280771082e-03
2.656369194389692975e-02 1.428799545100748247e+00 4.000041321399504246e-02 5.806163922757948646e-03
2.690454262514976533e-02 1.488468185511441444e+00 3.862118712087959926e-02 5.809681901648927962e-03
2.724438286080049440e-02 1.509591959399870786e+00 4.260523247955143311e-02 5.813231879372734653e-03
2.758633686423331982e-02 1.548374629007635006e+00 3.851009082118166116e-02 5.816846895294804087e-03
2.793680586648332118e-02 1.578820542947901195e+00 4.290946458282809961e-02 5.820595975854820150e-03
2.827750323136669908e-02 1.662761879574214063e+00 4.309355076012208463e-02 5.824283637221796574e-03
2.860924777242198139e-02 1.609179702349986529e+00 4.115545532525234640e-02 5.827914840517150682e-03
2.895396874327657924e-02 1.714944866859620332e+00 4.234058624379989644e-02 5.831731042348822953e-03
2.929572107152565372e-02 1.705326911266374479e+00 4.244125155553434697e-02 5.835556534021961624e-03
2.965470594912343258e-02 1.793885536408745152e+00 4.530998146082911709e-02 5.839620801548896060e-03
2.999227129036414682e-02 1.895815607383506407e+00 4.886473443120253196e-02 5.843484941923036448e-03
3.033529100418546828e-02 1.911428357952076551e+00 4.713625152861208867e-02 5.847453862131337526e-03
3.067477907519051625e-02 1.866947251067934133e+00 4.440543884747413100e-02 5.851423470636977001e-03
3.100101111166422146e-02 1.982648621276438039e+00 4.807095943698762308e-02 5.855277156951049257e-03
3.135429517516316600e-02 2.000526122696336895e+00 4.632080912415912494e-02 5.859493714939569692e-03
3.169954849922622386e-02 2.165689676946091158e+00 5.043432890588126633e-02 5.863657306955273249e-03
3.205274655844479043e-02 2.138412363282320428e+00 4.970482266969034751e-02 5.867960682561122396e-03
3.239089912079119032e-02 2.211018230907308979e+00 4.898026662214295668e-02 5.872122685604860663e-03
3.272992611039551858e-02 2.301351929871249702e+00 5.457769801529835374e-02 5.876336308049509745e-03
3.306767150446789788e-02 2.274000382323734470e+00 4.940011513499976276e-02 5.880574487313412237e-03
3.341476445390614836e-02 2.370602198120812965e+00 5.374014424937110374e-02 5.884972366644096627e-03
3.375834766493715500e-02 2.439175772606293702e+00 5.466552725281723785e-02 5.889366943885413451e-03
3.408663861091029007e-02 2.585270516281383824e+00 5.631328974684271516e-02 5.893605266336199300e-03
3.442932128627859689e-02 2.578851532451662543e+00 5.557082352602174535e-02 5.898069924479977522e-03
3.477531363121367375e-02 2.700129652124172885e+00 5.590653631953436398e-02 5.902619513617037364e-03
3.512634297353454255e-02 2.794671664753451523e+00 6.218387751527885282e-02 5.907277907357550047e-03
3.545489840515694130e-02 2.757579582949698516e+00 5.645531430761350361e-02 5.911677515220886518e-03
3.579787441457635971e-02 2.859570895767217014e+00 6.028293024790082333e-02 5.916310040811631997e-03
3.613736521488934011e-02 2.853358902773651007e+00 5.624431008178154556e-02 5.920935899369846392e-03
3.647677714317839465e-02 2.934248901754746619e+00 5.817527426287378428e-02 5.925600630503105939e-03
3.683357558616569966e-02 3.057168735792328285e+00 6.164896719774008021e-02 5.930547313541397261e-03
3.717055116807221893e-02 3.311080905407698172e+00 6.517591246939467842e-02 5.935259614245104454e-03
3.752793288024812435e-02 3.133086291871168161e+00 6.114626635659420328e-02 5.940299810291399529e-03
3.786182557456500841e-02 3.235888541886843939e+00 6.222791684864761863e-02 5.945048454776734152e-03
3.819841355905904262e-02 3.335052268039513823e+00 6.691319602207961015e-02 5.949874285510129389e-03
3.854425087876067052e-02 3.510983839519041361e+00 6.633336277415945170e-02 5.954873162660027225e-03
3.888175183538192942e-02 3.468063219339026837e+00 6.748111890077848618e-02 5.959790722739143239e-03
3.923061616961145970e-02 3.438043236062578778e+00 6.353605304687233446e-02 5.964914652757917143e-03
3.957012232866866097e-02 3.523743812627812666e+00 6.726987440357765080e-02 5.969940561723307594e-03
3.991551559963325835e-02 3.626164696152604172e+00 6.889118647826064645e-02 5.975093884056713149e-03
4.025949127771703134e-02 3.700953226831587006e+00 6.765551984089848703e-02 5.980266219337652782e-03
4.061151137024433810e-02 3.896157337435813606e+00 7.839562412155585969e-02 5.985600658871455433e-03
4.095548581312909858e-02 3.715626181244258142e+00 7.270589666322026245e-02 5.990853244731714905e-03
4.129691225207333255e-02 3.794241693821105432e+00 7.318396187188874746e-02 5.996106420226235065e-03
4.163441303300634971e-02 3.877634374537043627e+00 7.654506849439170202e-02 6.001337132390290388e-03
4.196727115860544866e-02 3.837631115887797595e+00 7.366791181021864476e-02 6.006533444095918557e-03
4.231401218554189936e-02 3.888299676572578356e+00 7.756020065328554647e-02 6.011985428271816520e-03
4.265345801486438576e-02 3.936810724074477186e+00 8.161036206879107580e-02 6.017361169491468320e-03
4.300581785022517672e-02 3.906716793574871005e+00 7.434348807972544770e-02 6.022982090550115658e-03
4.334482983687347468e-02 3.653630725869067675e+00 7.111160845331837566e-02 6.028428534707946929e-03
4.368846435070003476e-02 3.778944329079398479e+00 7.345750414502937031e-02 6.033987852490086540e-03
4.402640692584645216e-02 3.682602717037021467e+00 7.177925154006464803e-02 6.039492927298589081e-03
4.436993503761405000e-02 3.597056583389465434e+00 6.930863538206251395e-02 6.045127319426384614e-03
4.471663717201986021e-02 3.688417256936034505e+00 7.147321317669928786e-02 6.050852294360765590e-03
4.505944059498336041e-02 3.539473186413575778e+00 6.853390680948515112e-02 6.056551830693710295e-03
4.541034520310666123e-02 3.778494997658758958e+00 7.400651476284643426e-02 6.062425174332930662e-03
4.574813112826287692e-02 3.486652076170252190e+00 7.035697722120425046e-02 6.068116697163373173e-03
4.609044188209160398e-02 3.401187067299218381e+00 6.604057362188524294e-02 6.073922393370835733e-03
4.643072000810999356e-02 3.257148370198286180e+00 6.365944170458205653e-02 6.079730464979776240e-03
4.677231917026837549e-02 3.267546571430409497e+00 6.652447640829049769e-02 6.085598528006899710e-03
4.710799367039541358e-02 3.280387619418328793e+00 6.485989776980929933e-02 6.091401149381116611e-03
4.744518015236362518e-02 3.088021913792087680e+00 6.322043685846262528e-02 6.097265829013478675e-03
4.778946060636903720e-02 3.081618496532512630e+00 6.019822545426143506e-02 6.103291686923118485e-03
4.813342222894589906e-02 3.067216561811593412e+00 6.322044638356671964e-02 6.109349087011869961e-03
4.848936328858721723e-02 3.189364632493140395e+00 8.530740476066844824e-02 6.115656995762117423e-03
4.882848836459444813e-02 3.120568606270768708e+00 7.612370048773428599e-02 6.121703958837312540e-03
4.916240795986244472e-02 2.814035288753373720e+00 6.840535801298111562e-02 6.127693290866355336e-03
4.949980829275010819e-02 2.657582895492783148e+00 6.552050582148298552e-02 6.133780731941211768e-03
4.983553695507602493e-02 2.560172083894427075e+00 5.635098932893508467e-02 6.139873080068821917e-03
5.018633853718278831e-02 2.475638668922940600e+00 6.492324863272705415e-02 6.146276302965864198e-03
5.052549951724242400e-02 2.490132246211623990e+00 6.075079660817782334e-02 6.152503685607214369e-03
5.087599047132094349e-02 2.344383719509055108e+00 5.537768217356430628e-02 6.158976308920412722e-03
5.121632504762945598e-02 2.296411046198044481e+00 5.320949886010468977e-02 6.165297600549231143e-03
5.155357925904921479e-02 2.308680065528480263e+00 5.805634090737741421e-02 6.171597080068512604e-03
5.189559596928862428e-02 2.240533093738318104e+00 5.936913644767466414e-02 6.178020730911813058e-03
5.224108124098225669e-02 2.006211416522687419e+00 5.514027586492979693e-02 6.184546016290473278e-03
5.258145908830491599e-02 1.952329612260998104e+00 4.813936842480572020e-02 6.191009994786005229e-03
5.292236973337896555e-02 1.897253260725413115e+00 5.990903915522514944e-02 6.197519833334957755e-03
5.326560892593801277e-02 1.785605221523263841e+00 4.646533934489445461e-02 6.204109685684159811e-03
5.361238764243873162e-02 1.786881593823504533e+00 5.937874320277866658e-02 6.210803200667197252e-03
5.395902117760906225e-02 1.697563061803759821e+00 4.901218276033039722e-02 6.217530516300132613e-03
5.430469617015566686e-02 1.700513641700642786e+00 5.748236771177628324e-02 6.224274601188815870e-03
5.464384580856711249e-02 1.609161148692316079e+00 5.820170228916692057e-02 6.230926265320837695e-03
5.498100674485851408e-02 1.639817232321106877e+00 5.878887410212966375e-02 6.237572999173648589e-03
5.532254192493891304e-02 1.601101523963252893e+00 5.712726159505485124e-02 6.244340389303403883e-03
5.568174240781892381e-02 1.546659592069559608e+00 5.739946728941398152e-02 6.251495134061093098e-03
5.602571112834441036e-02 1.445032922601055647e+00 5.291299104386915086e-02 6.258381687326905821e-03
5.636395819522188599e-02 1.376281905793075300e+00 7.268262209683754027e-02 6.265187898620960816e-03
5.669995751951694557e-02 1.317476826106909416e+00 5.540804284576665573e-02 6.271982254305133106e-03
5.703554452772181815e-02 1.305628224309302921e+00 6.388712882638085400e-02 6.278800767666804436e-03
5.738912459244158853e-02 1.236350727232911284e+00 6.335985560966944652e-02 6.286020616448530912e-03
5.772878065229183203e-02 1.160797054585277266e+00 4.781865414677827220e-02 6.292990229567055512e-03
5.807455164816825721e-02 1.185800285040917501e+00 4.937756388539927405e-02 6.300119559068907346e-03
5.841639271441773779e-02 1.089690985443276583e+00 4.662621450859507494e-02 6.307201632221157497e-03
5.874369142780216935e-02 9.761223768342918161e-01 4.690554562081187401e-02 6.314013920202338204e-03
5.909802706091489555e-02 9.658847097801777082e-01 4.171545907590182289e-02 6.321423787569190912e-03
5.944595927832400234e-02 9.536245680538455449e-01 5.139707899443309025e-02 6.328734388934040278e-03
5.978947167415896158e-02 9.179926486773170025e-01 4.765263831328830219e-02 6.335985448828551289e-03
6.012779392018229724e-02 8.999139553752961707e-01 4.512480894419997751e-02 6.343160064189198692e-03
6.046168444526796304e-02 8.631892292903561303e-01 4.662943378447934051e-02 6.350272387105265065e-03
6.081282360102754914e-02 9.121909285120409772e-01 5.118225956412943145e-02 6.357785876248553229e-03
6.115050052136520448e-02 8.197599837765552344e-01 4.677714064687266138e-02 6.365044067394046330e-03
6.148552880054743847e-02 1.047067191131482833e+00 2.751401682506191548e-01 6.372276555710718396e-03
6.183070402695603485e-02 7.796516392898781289e-01 4.935959927855060325e-02 6.379760932625901798e-03
6.218573817030220025e-02 7.256782789816236257e-01 4.645657988881045364e-02 6.387493091613496467e-03
6.251547373269773777e-02 7.186810540519036339e-01 4.844089953357868378e-02 6.394705800456515835e-03
6.283933907416008879e-02 7.610773870250524542e-01 5.779845064209233191e-02 6.401819582301107939e-03
6.320495886223745363e-02 6.639975553735045777e-01 4.260009979562819071e-02 6.409885736677005570e-03
6.357298164833533050e-02 7.746001678788596578e-01 8.713999910945988137e-02 6.418040256568637719e-03
6.390896650241759125e-02 6.831368891200720883e-01 5.681518079229624929e-02 6.425516735803256906e-03
6.421444596590959730e-02 5.818966722921985468e-01 4.504691474149577490e-02 6.432342344045397821e-03
6.455934963675503957e-02 5.294653699656989287e-01 3.914188651319101125e-02 6.440079285386757224e-03
6.492315465658046736e-02 5.832648174410847153e-01 5.108054402505780855e-02 6.448274566365061120e-03
6.527085932012935410e-02 5.947158267174964541e-01 4.866875773492961021e-02 6.456139792993919289e-03
6.561856767405649382e-02 5.219638535940488433e-01 4.910964403446085175e-02 6.464037352210606768e-03
6.593463888811738893e-02 4.829192003656683219e-01 4.720917655374189115e-02 6.471245848915133103e-03
6.628121108108885051e-02 5.337589427211618665e-01 5.687030888726386790e-02 6.479179091205711227e-03
6.666391435299980073e-02 4.587016424444430029e-01 4.909080852649622823e-02 6.487976151031068194e-03
6.694818864447130147e-02 5.479174741210314226e-01 5.465417835028649196e-02 6.494535909374939998e-03
6.733545590060463493e-02 5.551783099159655066e-01 5.811339035547152115e-02 6.503507101489268763e-03
6.770262834207614600e-02 4.165228501664967609e-01 4.949380113933177922e-02 6.512049032354352493e-03
6.799260793366440625e-02 5.564640650120082910e-01 7.090769241608496642e-02 6.518818982152246692e-03
6.836423047949419241e-02 4.057997654387108244e-01 4.738357043277437175e-02 6.527527389632351539e-03
6.864854230123232370e-02 5.464781298594320047e-01 9.211664658387307136e-02 6.534214508055611464e-03
6.899871524329917460e-02 5.314440171638731281e-01 1.030459104408965459e-01 6.542479985975912377e-03
6.942795438494414606e-02 4.249100683185708105e-01 5.799452346623959476e-02 6.552653066692846855e-03
6.972042355372608247e-02 5.873934576526350648e-01 1.317269447035567809e-01 6.559611862595250351e-03
7.002889036658557775e-02 3.010973004003180131e-01 5.333018281022120638e-02 6.566974549369968515e-03
7.044393026006905145e-02 5.780840971142178208e-01 1.192178152211970793e-01 6.576922631531213412e-03
7.073012414442797491e-02 5.523095746951127705e-01 1.590795528197244679e-01 6.583805757125093389e-03
7.111784537017522279e-02 3.801421985544159998e-01 7.662545018338773328e-02 6.593161739189041734e-03
7.139886679611376352e-02 5.460780834536157480e-01 3.018311931902589729e-01 6.599968220079366517e-03
7.166462361936393188e-02 2.988731048887525166e-01 6.973653133755897127e-02 6.606423339782784530e-03
7.221288810664668045e-02 3.385472961002878312e-01 9.507518509082350799e-02 6.619796007727558017e-03
nan nan nan nan
7.276260423939742705e-02 2.135655376811970152e-01 9.134945343820601027e-02 6.633279040326442444e-03
7.331373828285783767e-02 1.851162071929290387e-01 9.093809592426908839e-02 6.646871734732441930e-03
