# sample_name: ludox_SM30
# config_id: config_10
# transmission: 0.553142
# source_nexus_file: sans-llb2026n001004.nxs
# q I I_error q_error
2.598850327494491297e-01 8.388129692554876504e-01 1.801873378610448218e-02 1.359644370589178225e-02
2.621505188570182887e-01 8.422458692304176653e-01 3.104295712115165071e-02 1.369364757303200703e-02
2.640790774456497902e-01 8.171614955637903632e-01 3.166596098319841152e-02 1.377653869549152858e-02
2.664590391290024285e-01 8.619568706831621796e-01 3.183249554929309943e-02 1.387897730991453048e-02
2.687787537700589979e-01 8.112441419955599420e-01 3.810433786754411495e-02 1.397894139279252761e-02
2.708576078965127532e-01 8.248160587007991040e-01 3.893445452045454780e-02 1.406867436953476193e-02
2.725435426407841755e-01 9.335382005996379906e-01 6.580114843493649335e-02 1.414150671297362619e-02
2.743252693361043493e-01 8.602925988236441723e-01 4.235395320862336832e-02 1.421861353937933954e-02
2.768615972602936903e-01 8.195331426524312679e-01 3.857672834912745374e-02 1.432847986879429505e-02
2.791367167227155610e-01 8.239125199906222052e-01 2.066685506714639048e-02 1.442713767544314719e-02
2.806598611875086857e-01 8.462762702014808847e-01 2.412913739582282432e-02 1.449329850784893126e-02
2.826458191931962571e-01 8.902914875517197180e-01 2.691206150274193590e-02 1.457962801770323891e-02
2.848042113359360861e-01 8.323815347460841174e-01 2.793638053741511959e-02 1.467354614768761993e-02
2.866699426367564363e-01 8.252395483161233392e-01 3.435667835984658469e-02 1.475481981608948480e-02
2.886898577151794099e-01 8.502699089923451137e-01 2.984501699692644269e-02 1.484292760313089821e-02
2.908588437550740924e-01 8.196401934754650176e-01 3.223392778902279404e-02 1.493760337206722667e-02
2.928934021391756404e-01 8.482554694769121051e-01 3.730186222514669803e-02 1.502652288381440410e-02
2.950336163822630531e-01 8.312578707303215353e-01 3.337035504251265744e-02 1.512016871794299132e-02
2.967585095350229740e-01 8.494744824737194833e-01 4.438631865019510014e-02 1.519568998100236622e-02
2.990014462134046314e-01 8.191295915831093843e-01 1.681913417101624925e-02 1.529402642214406846e-02
3.011798014980647809e-01 8.409360427478894673e-01 2.253885808789710121e-02 1.538962084295856896e-02
3.033758135987661975e-01 8.218544945043667616e-01 2.591278201168080789e-02 1.548607962178085405e-02
3.055232717276123999e-01 8.826618656886109360e-01 2.743728478181590297e-02 1.558049545194516682e-02
3.074720852181792585e-01 8.281967667789884580e-01 3.397916201588931095e-02 1.566625769326764755e-02
3.094612068699854612e-01 7.994489845709138454e-01 2.547178566186879614e-02 1.575389057119479241e-02
3.116186881196104097e-01 8.613047800109094876e-01 3.443615163893001818e-02 1.584899589662705846e-02
3.136417961614381134e-01 8.361199463810269350e-01 3.154532092360927409e-02 1.593827174458830112e-02
3.154816449970307968e-01 8.467403716927585089e-01 4.074540186370757822e-02 1.601952102933696179e-02
3.178056502169329667e-01 8.364901994455797851e-01 1.812208750308449620e-02 1.612225985704623249e-02
3.196092679827952088e-01 8.410627296107348050e-01 2.062147532285873650e-02 1.620205633752427529e-02
3.217617832126760113e-01 8.291992627818338679e-01 2.133216191307082954e-02 1.629734768060140532e-02
3.239178970458160278e-01 8.511721867930014396e-01 2.835793529820049286e-02 1.639288825371133448e-02
3.260824783360504742e-01 8.127105637126476045e-01 2.236786809411259180e-02 1.648887543557783775e-02
3.279034699154102506e-01 8.366083581791377011e-01 3.553962707787963055e-02 1.656968079388889889e-02
3.298957192007562211e-01 8.390449710671237238e-01 2.803822151336752416e-02 1.665817369165657064e-02
3.318465186581164295e-01 8.265478338483637222e-01 2.791447812286966187e-02 1.674486626303843886e-02
3.340068915824193074e-01 8.684190043489321553e-01 3.279655301244787519e-02 1.684094851067652679e-02
3.357511516624527292e-01 7.898345832613563600e-01 3.105086566385155053e-02 1.691856810721134585e-02
3.378027617234616864e-01 8.368579869246643987e-01 1.509064547093921446e-02 1.700996283215742630e-02
3.401694075825483221e-01 8.259248970552477420e-01 2.288090375391681891e-02 1.711543595816483743e-02
3.420489047347898826e-01 8.340469248641272371e-01 2.363332201691607792e-02 1.719925714781155371e-02
3.442402310268848353e-01 8.169791022588998031e-01 2.488306352200126206e-02 1.729707860388724969e-02
3.462212119321841364e-01 8.388343304010416057e-01 2.338475882277660581e-02 1.738553688676399214e-02
3.481585391899872373e-01 7.857736428822891250e-01 3.404517027901057813e-02 1.747210906225723018e-02
3.501836755803378609e-01 8.320936089932209345e-01 2.230276508414899550e-02 1.756267612945522361e-02
3.522233950215246101e-01 8.146709362636380680e-01 3.383335287694294591e-02 1.765393981893561767e-02
3.544352237933864891e-01 8.585961966668849144e-01 2.546369610546238629e-02 1.775297770161993194e-02
3.565159399964867859e-01 8.380747327952742243e-01 1.846067008231805709e-02 1.784619929977111774e-02
3.584293642336357499e-01 8.103444266297500365e-01 1.841655657266395504e-02 1.793198381736308897e-02
3.605094370220764954e-01 8.378492706972361370e-01 2.069123461556659008e-02 1.802528568566099179e-02
3.624801609683460102e-01 7.928972134981370212e-01 2.547983710423747453e-02 1.811371650206458628e-02
3.646509453186361771e-01 8.764102201296360972e-01 2.248518415866473941e-02 1.821121427008238342e-02
3.665047953753503007e-01 8.457225305783865332e-01 2.949819282971982357e-02 1.829449740898037025e-02
3.686746494694594367e-01 8.758632774706872626e-01 2.631488601615238412e-02 1.839206172456298027e-02
3.705165545222759427e-01 8.445005665714634402e-01 2.824374712768209714e-02 1.847490941569944478e-02
3.728483909290747356e-01 8.788818296593421397e-01 2.830307760760385899e-02 1.857984589385013388e-02
3.750256390978056742e-01 8.468155751972641365e-01 1.746171461320802573e-02 1.867789124452441316e-02
3.769167433198105099e-01 8.010794708417832144e-01 1.954623271726716599e-02 1.876309547567061101e-02
3.787653592423642079e-01 8.000205657025456496e-01 2.060758005579366170e-02 1.884641923313624262e-02
3.807330819056027882e-01 8.501486786155226794e-01 2.329485117398531063e-02 1.893516030447045528e-02
3.830719682689516237e-01 8.461409465262923479e-01 2.256445063777908280e-02 1.904070050393655636e-02
3.851874760419808363e-01 8.243186731108341769e-01 2.523429400521736213e-02 1.913619040248903946e-02
3.873295317537844840e-01 8.250588148998957427e-01 2.455623807793454183e-02 1.923295840957939956e-02
3.892890523267949487e-01 8.121199506124664458e-01 2.584091629189667547e-02 1.932149133655198386e-02
3.912537858256540657e-01 8.259312540309522443e-01 2.851063374233800407e-02 1.941032773197043371e-02
3.934940655573497259e-01 8.655423944660332047e-01 1.784941972962503579e-02 1.951165833941155212e-02
3.953929507016930578e-01 8.379208015194304915e-01 1.875276063715415609e-02 1.959759087294578664e-02
3.972354653209105302e-01 8.298803660837179574e-01 2.017502759244098332e-02 1.968099762516887716e-02
3.994301852023823818e-01 8.442828758801403932e-01 2.399176571261651958e-02 1.978040867199210365e-02
4.014597873455146848e-01 8.515956799799816457e-01 2.079148702817567446e-02 1.987236134851834077e-02
4.034967143868107287e-01 8.223271113301817703e-01 2.410410986819395626e-02 1.996469693957361735e-02
4.057658096815855986e-01 8.302380431666771532e-01 2.146653503892722095e-02 2.006760391891386150e-02
4.079264634805199186e-01 8.290707517668681747e-01 2.523325235500504388e-02 2.016563665487777421e-02
4.100673136768802074e-01 8.004445526600237892e-01 2.845957833542797633e-02 2.026281130303361419e-02
4.120948568634516529e-01 8.177683820700659689e-01 1.620270003433581935e-02 2.035487311669791771e-02
4.136666702898081360e-01 8.621860388629016825e-01 2.008116514891214802e-02 2.042628216193491386e-02
4.157779381696006804e-01 7.957477977613525155e-01 1.764547993578198873e-02 2.052222160023412303e-02
4.178928257623124032e-01 8.670191755170513215e-01 2.275144001254185769e-02 2.061835703605807008e-02
4.199267447444234302e-01 8.110741984116704995e-01 2.109465706488489536e-02 2.071085691467456497e-02
4.220480988230883024e-01 7.955697539909526439e-01 2.539490824341125372e-02 2.080737526963678807e-02
4.239671140988285902e-01 8.142674021024061126e-01 2.029855113737179598e-02 2.089470794417208621e-02
4.261536423960357589e-01 8.710603256744694489e-01 2.613502129190322168e-02 2.099426715391352130e-02
4.283839978194467490e-01 8.568230029005173831e-01 2.232189459599942180e-02 2.109584067154413739e-02
4.305647820079551713e-01 8.274401828307101914e-01 1.878087032870339942e-02 2.119519729655923099e-02
4.321880219573933091e-01 8.037772231410712509e-01 1.697580121748687443e-02 2.126920408076160562e-02
4.341773490745922115e-01 8.352733896449007212e-01 1.900054305499343857e-02 2.135989068631518120e-02
4.359886190861797517e-01 8.054170667109974424e-01 2.380400707133931495e-02 2.144250384026707285e-02
4.383766230559272281e-01 8.547720159934412143e-01 1.907512160668710377e-02 2.155145844126007959e-02
4.405355512218283587e-01 8.187777901477344411e-01 2.457374194808842685e-02 2.164998463364632697e-02
4.424636338400971813e-01 8.253948869526819276e-01 2.285208739235227923e-02 2.173800640323223995e-02
4.445943994550421441e-01 8.163501832970073702e-01 2.197634195194421783e-02 2.183533492595058842e-02
4.466262740487590421e-01 8.204011544819371782e-01 2.665932445745582829e-02 2.192815037506416764e-02
4.487318416826919787e-01 8.338634916016069987e-01 1.714779386443856732e-02 2.202437748474243839e-02
4.505599479900056492e-01 8.331216861853271149e-01 1.583275807871523458e-02 2.210794608681487111e-02
4.528404163633970581e-01 8.166618690343687703e-01 2.140754634914649943e-02 2.221223576350524198e-02
4.551793721458199382e-01 8.580093290020749386e-01 2.212993054831989548e-02 2.231922160551191511e-02
4.567580075255525118e-01 8.208215278335703191e-01 1.946781295046955129e-02 2.239145432181677969e-02
4.589422454270928875e-01 8.426911352883511563e-01 2.527132106413519305e-02 2.249143639467476516e-02
4.609365308574680520e-01 8.361879802644650583e-01 1.936573456320310471e-02 2.258273247681579984e-02
4.627948272064829061e-01 8.377637896287207786e-01 3.296807650081843427e-02 2.266782853478951920e-02
4.648725036668930888e-01 8.406817900987876291e-01 2.298424286869574229e-02 2.276301141891872576e-02
4.668632428445111948e-01 8.256099006367805249e-01 1.376552992677702002e-02 2.285423082066468520e-02
4.689799848147141459e-01 7.948412014121628566e-01 1.772436234849535802e-02 2.295124659939152406e-02
4.710716311939571743e-01 8.425281182783302958e-01 2.176981554455442724e-02 2.304714305140959790e-02
4.728590235908967654e-01 8.283762577927488158e-01 1.801420348174473385e-02 2.312911351136610547e-02
4.752060429047804679e-01 7.867400011644155589e-01 2.025130760935830304e-02 2.323677330887423051e-02
4.773684241836628761e-01 8.560894176836842950e-01 2.036942752603652235e-02 2.333599653014225422e-02
4.791138536722402974e-01 8.299012704407580099e-01 2.618482252358854748e-02 2.341609710504556283e-02
4.816150072131630266e-01 8.506892778863435201e-01 2.068664363485937449e-02 2.353093285767394321e-02
4.838028874703770854e-01 8.623426632031702121e-01 1.726960300806044957e-02 2.363139965861633940e-02
4.855433501496252968e-01 8.522291577433368515e-01 1.837769807691028850e-02 2.371134951626518300e-02
4.874617057069893233e-01 8.531627472859444339e-01 1.751456713213915203e-02 2.379948406927369711e-02
4.896564639500137761e-01 8.547673353430914611e-01 2.181997598612382683e-02 2.390034729631933252e-02
4.915634524282378459e-01 8.783644786374562585e-01 2.196620091247073955e-02 2.398800434965831646e-02
4.936799171101380890e-01 8.633075925236284309e-01 2.302271925588845330e-02 2.408530697093623843e-02
4.957492151082334431e-01 8.674776382389041141e-01 2.392459611189481916e-02 2.418048273120781272e-02
4.977791928543847111e-01 8.660510683326874126e-01 2.629563793838220198e-02 2.427385016455563607e-02
4.999220923539366979e-01 8.550879185456570220e-01 2.348390325766634701e-02 2.437245604686322231e-02
5.018977091690676184e-01 8.871313259353269531e-01 1.884327821075732975e-02 2.446336962693634529e-02
5.039168463864088787e-01 9.301433795627663814e-01 2.248615400632246464e-02 2.455631095449496010e-02
5.059249105812120284e-01 9.202054423206955658e-01 2.828387195280505570e-02 2.464876499393328299e-02
5.080347480407224614e-01 8.812998539165700640e-01 2.270753385517077297e-02 2.474592557321230249e-02
5.098324469024155814e-01 8.913500262232334492e-01 3.425240597112126639e-02 2.482872784200501962e-02
5.121178678953296481e-01 8.880467419863319334e-01 2.580841001159537088e-02 2.493402107025529529e-02
5.142927675846241664e-01 9.312115690684710234e-01 3.211648323984987730e-02 2.503425580698142791e-02
5.162128613587740888e-01 9.003754531368225456e-01 4.190026340199660970e-02 2.512274678428622413e-02
5.183529832623622324e-01 9.120074937125893788e-01 2.474424511467075011e-02 2.522140901855316267e-02
5.202017075459111073e-01 9.185142734982439938e-01 2.901420683039113851e-02 2.530665462068089691e-02
5.223379127103094932e-01 9.448810761765474853e-01 3.210498514694137134e-02 2.540517850300569661e-02
5.242665007991614834e-01 9.723880607075662263e-01 3.731501190038461618e-02 2.549413882558579716e-02
5.262004846214852760e-01 9.720692652648313947e-01 4.383039318124028888e-02 2.558337136741496709e-02
5.285380955224125987e-01 9.334279331618301478e-01 3.675003993819568604e-02 2.569124619575266499e-02
5.304644083090326312e-01 9.581765085722464548e-01 4.985325312068733528e-02 2.578015807864565342e-02
5.328601200578415575e-01 1.032791884551335082e+00 5.652943911216672113e-02 2.589075476339836035e-02
5.348593076284257064e-01 1.099568585407404653e+00 5.569221148432509927e-02 2.598307955952565765e-02
5.364803456465466747e-01 1.003251878129816754e+00 5.087514325843368879e-02 2.605793693330294564e-02
5.386140674933004302e-01 1.042594568837580393e+00 5.801833426297911545e-02 2.615650521304530712e-02
5.407673242445126816e-01 1.028910161990950645e+00 7.864343317953598200e-02 2.625598542644799749e-02
5.429592547825828897e-01 1.199556214564468926e+00 1.002339721523683586e-01 2.635726508258078027e-02
5.451063331370012977e-01 1.193264118343880575e+00 1.724131079382843212e-01 2.645649597439677508e-02
5.470519208054659410e-01 1.179762858120422475e+00 1.812635543231743696e-01 2.654643576016177398e-02
5.489711998654654979e-01 1.301345025851008197e+00 6.593153514844106722e-01 2.663518004604619946e-02
5.508617830680280214e-01 1.151105413620171936e+00 1.907317388036626482e-01 2.672258744342253037e-02
5.534164688919265274e-01 1.119078758405745111e+00 1.379593965252032539e-01 2.684075053847347417e-02
5.553309289305550234e-01 1.426584388243686163e+00 6.111449952404645058e-01 2.692931047678040132e-02
5.572233179763925737e-01 1.380544968047306753e+00 4.025676610581582437e+00 2.701687361571696727e-02
5.588918015168095055e-01 1.165880203707645002e+00 3.820564692627027581e-01 2.709407388401873992e-02
5.611734231203129308e-01 1.338429247213501316e+00 4.780626199573483892e-01 2.719967833789084175e-02
5.632994255491373670e-01 1.232204981015770251e+00 4.481440550067666839e-01 2.729807768228453835e-02
5.654556772535033193e-01 1.081071469860451550e+00 3.040276312499146094e-01 2.739791214826717627e-02
5.675799189687924518e-01 1.013225456302410787e+00 1.572178093074374505e-01 2.749626665692968264e-02
5.696195342023333552e-01 9.341725112352953220e-01 1.799338918946248589e-01 2.759072659596760457e-02
5.711802168780356626e-01 9.436133706569728163e-01 2.371085189654760506e-01 2.766300502539904144e-02
5.735138009180749119e-01 1.247771855380017225e+00 2.320313894845593417e-01 2.777111645317109634e-02
5.753364556132346541e-01 1.094474534058947901e+00 2.731743348398573690e-01 2.785556606549015671e-02
5.778565032452546157e-01 1.273849467968865001e+00 5.851784617750506179e-01 2.797234201432918094e-02
5.798581962884419294e-01 2.229595109028289279e+00 7.188901432937873537e+00 2.806511767461678658e-02
5.821648161580904590e-01 9.361440387697832488e-01 1.842354305749185073e-01 2.817204099815760060e-02
5.836905542254712254e-01 1.188199939072477562e+00 2.611365855790185875e-01 2.824278012401729848e-02
5.855685899156689578e-01 1.409066844112848882e+00 6.429039421426377965e-01 2.832985223333516975e-02
5.876048671735696338e-01 1.005141808521151647e+00 2.015493800097601651e-01 2.842427785984033561e-02
5.901353422196696785e-01 1.234966180188917573e+00 2.130521778267999156e-01 2.854164789523866777e-02
5.918693274626213308e-01 1.327844347160021199e+00 8.107498399975920922e-01 2.862208490312839748e-02
5.939465975926834229e-01 1.231295053630999892e+00 3.531154708982368606e-01 2.871845342897118639e-02
5.959932819484903277e-01 1.083906388068700988e+00 2.463480462380518432e-01 2.881342681245466567e-02
5.980291864511868560e-01 1.315977264824802040e+00 1.620825828396949886e+00 2.890790524494193936e-02
6.003556695295209078e-01 9.844287694392288568e-01 2.923059296228152637e-01 2.901587347818935028e-02
6.019837685380793335e-01 9.289228588552358445e-01 1.722327003507189425e-01 2.909145293698717910e-02
6.039157592529019736e-01 1.038533156394891632e+00 3.012362332061224723e-01 2.918114889822403038e-02
6.063786799496926339e-01 8.639922644794473250e-01 1.412871272978254433e-01 2.929550532710878397e-02
6.081766359642640785e-01 1.197143086863655004e+00 3.057256285247315630e-01 2.937899545783027866e-02
6.106412676784118698e-01 1.273447609672588854e+00 2.811456917608649020e-01 2.949346479548187183e-02
6.123659533330105820e-01 9.583188276149240403e-01 2.428536212812821837e-01 2.957358877603784991e-02
6.142319974275152195e-01 1.071668505875793098e+00 2.928264558312496102e-01 2.966027547988846214e-02
6.166741415270313720e-01 1.488578711875201410e+00 9.628020666528653848e-01 2.977373753843795545e-02
6.185616442308786711e-01 1.152206324144199767e+00 5.666947501322505687e-01 2.986143932301654758e-02
6.208725226163621658e-01 1.860127526553059685e+00 1.210422434879096398e+00 2.996883834391813120e-02
6.227582524648601625e-01 2.279710625300479521e+00 5.541225722186925218e+00 3.005649299584044198e-02
6.250231862685435846e-01 1.077706716473604498e+00 3.835983038929038913e-01 3.016176881560722264e-02
6.265792861220955690e-01 1.280826531975366667e+00 4.738659556833724196e-01 3.023411702204464868e-02
6.290897129648602704e-01 8.436803054362447263e-01 2.032294972737917205e-01 3.035083893957362527e-02
6.307596643057841179e-01 1.360112671932782957e+00 5.073369720258500415e-01 3.042849951964470001e-02
6.330035440681873737e-01 9.663886883188185228e-01 3.047631648216512223e-01 3.053284242729653944e-02
6.343246021975048610e-01 1.683083474261172441e+00 7.359195890311772681e-01 3.059428701445347787e-02
6.367174158383899218e-01 1.092369116313395505e+00 3.221291653460346960e-01 3.070560271539525543e-02
6.388923976931095705e-01 1.679511607079375413e+00 1.410206271361843067e+00 3.080678270977746727e-02
6.408769010302227676e-01 1.074731239542033423e+00 4.169330688731803236e-01 3.089911101353139122e-02
6.431367400223164665e-01 1.027878506222895449e+00 3.123863424028405222e-01 3.100427007322974216e-02
6.449570797131530808e-01 1.655417929923622244e+00 2.035829746601735213e+00 3.108899477974864933e-02
6.473813211460995864e-01 1.206813305644401035e+00 5.780966189661618237e-01 3.120183177113694528e-02
6.488783861324065594e-01 3.393819564950681489e+00 8.283539270067551641e+00 3.127150541899198499e-02
6.515629217743167390e-01 1.445969185187058637e+00 7.579708288093180979e-01 3.139648466957536271e-02
6.532763489273488711e-01 1.134950177787364289e+00 3.280545231258349959e-01 3.147625169135526840e-02
6.556070867660203083e-01 1.456250870590585222e+00 9.863859327279572708e-01 3.158478501131348898e-02
6.571809096901202185e-01 1.529627935777206682e+00 7.241790927194228233e-01 3.165807131598273594e-02
6.593546965365260082e-01 6.751595094233906469e-01 3.937727053055472548e-01 3.175932031725231530e-02
6.613067986885230454e-01 2.632840075629112597e+00 2.350255147880326856e+00 3.185023179422463713e-02
6.633283536406927583e-01 6.686904595616871561e-01 5.571990575091062547e-01 3.194439102318236828e-02
6.657209284325688037e-01 1.081611843009807616e+00 2.736757985861683284e+00 3.205586587918209107e-02
6.679272803181874885e-01 1.850080496073065239e+00 2.035181997281652500e+00 3.215867798672217975e-02
