# sample_name: ludox_AM20
# config_id: config_10
# transmission: 0.551623
# source_nexus_file: sans-llb2026n001003.nxs
# q I I_error q_error
2.551383021386265451e-02 1.674845672861177093e+02 2.045983670573087210e+01 1.040858588288729597e-02
2.683450650879430632e-02 1.884059760283950311e+02 5.386888955408556257e+01 1.041601813216297412e-02
2.830949949683266020e-02 1.744729102786481008e+02 1.549062668559302658e+01 1.042477012244855811e-02
2.942583267360261018e-02 1.668996627321312758e+02 1.207139316490923520e+01 1.043171294055341217e-02
3.101728330525534844e-02 1.576689237588363426e+02 1.357734476049680161e+01 1.044203083233147776e-02
3.189264589185831361e-02 1.729380915343280378e+02 9.863173470422930578e+00 1.044795210499288585e-02
3.326904545913451222e-02 1.600184356105169456e+02 1.136519481318953240e+01 1.045758016697783885e-02
3.454047415383434960e-02 1.499527910110450932e+02 8.370751982811704295e+00 1.046681331837611903e-02
3.560703829809356430e-02 1.426372063905391485e+02 8.021766666609467578e+00 1.047481503728047054e-02
3.690802750010339917e-02 1.197030825568707399e+02 6.761103532381766534e+00 1.048491705884179240e-02
3.811983430998006767e-02 1.110433079138605876e+02 4.234119372353958077e+00 1.049462648366561793e-02
3.961825477298105969e-02 9.172045996914881982e+01 4.114085751045474915e+00 1.050706603247980597e-02
4.088704545693355036e-02 8.245842585158378313e+01 3.294202160194104945e+00 1.051795221992940683e-02
4.218509660026641128e-02 6.962911601610376522e+01 2.986906596990429819e+00 1.052944374258442221e-02
4.350718576058241333e-02 5.194517997375171348e+01 2.056922230037830701e+00 1.054150564062045041e-02
4.465237669049706981e-02 4.302139173168145447e+01 1.336811831876443701e+00 1.055223275327682279e-02
4.601003758216647838e-02 3.399317946969399173e+01 1.417654238594731497e+00 1.056530815371163612e-02
4.718494746016674291e-02 3.053405729652521572e+01 1.020354771533599436e+00 1.057691503271888933e-02
4.844204795117251772e-02 2.412525634966034715e+01 8.921668646660054769e-01 1.058965541647762312e-02
4.965994397654294873e-02 1.946291896233397267e+01 7.207630672291129859e-01 1.060229179577840304e-02
5.091708453733081313e-02 1.624772351107608515e+01 4.614824316205452526e-01 1.061565184395843638e-02
5.217203667739503392e-02 1.322912971788232461e+01 4.771225839800706248e-01 1.062930354548149992e-02
5.359293272525237489e-02 1.125433327931809302e+01 2.967971208426129492e-01 1.064513844097018762e-02
5.484875355024881188e-02 9.886624733241200502e+00 3.553059223193485994e-01 1.065947447797705241e-02
5.618389194607838200e-02 8.301186134822515328e+00 2.484830259027954458e-01 1.067505829934486256e-02
5.745175780645001701e-02 7.386020455082147329e+00 2.104728582661388459e-01 1.069017951635938511e-02
5.863995651874496368e-02 6.851956670656658588e+00 2.555595304371295340e-01 1.070463247004290082e-02
5.996032695059091283e-02 6.225509690005528007e+00 1.634077115034859584e-01 1.072102015651351520e-02
6.113129773678818019e-02 5.666490624256328879e+00 1.997048711444494862e-01 1.073584292180427939e-02
6.250656928658468448e-02 4.763201830747915366e+00 1.283320855199518162e-01 1.075358083470416559e-02
6.361249548189847058e-02 4.763379392555638248e+00 1.505200493090364522e-01 1.076810869594808755e-02
6.485779548879562484e-02 4.705571580210788696e+00 1.459685159960036061e-01 1.078475291231569683e-02
6.627498163350599436e-02 4.515955387581995772e+00 1.187399537197983135e-01 1.080405206626385874e-02
6.746974023664904785e-02 4.254958007738970593e+00 1.277678383751006952e-01 1.082062038563072134e-02
6.894368178005617909e-02 4.306993953578706069e+00 1.215543246326273447e-01 1.084142828273292405e-02
7.006849995168301648e-02 3.982303122639603732e+00 1.128339946076677702e-01 1.085759594556827239e-02
7.140918376722477090e-02 3.897222117105860306e+00 1.148293555730418442e-01 1.087715653595650034e-02
7.261754174031447018e-02 3.961613697293878911e+00 1.099321465923011887e-01 1.089508287956426034e-02
7.379325881286100119e-02 3.629172931206121611e+00 1.065212758422366124e-01 1.091278479745812560e-02
7.529217921429702531e-02 3.659923922952169395e+00 9.421786545853483297e-02 1.093571586732724685e-02
7.632415073237461267e-02 3.482875127501032786e+00 9.980796862109471423e-02 1.095174238244327365e-02
7.767540522057862773e-02 3.453212814252746288e+00 1.022567137835051071e-01 1.097302237072280036e-02
7.885938216587037863e-02 3.353764393832972424e+00 8.585157132276578784e-02 1.099194222891847553e-02
8.021697912066746983e-02 3.094905726274445268e+00 8.179531728808238367e-02 1.101394349140039780e-02
8.161235058131673104e-02 3.262652665285836751e+00 9.303965715643121304e-02 1.103690212557796591e-02
8.269528307296802883e-02 2.955782057669931628e+00 7.646679338522262281e-02 1.105496666233777257e-02
8.421586522743748637e-02 2.816862084194524218e+00 7.199649189398726890e-02 1.108067614363314121e-02
8.530056449790657247e-02 2.784616421320702528e+00 7.328477751849341026e-02 1.109926231838601063e-02
8.661101313308382232e-02 2.490357778430117630e+00 6.497569292819078968e-02 1.112199458466802543e-02
8.791076200084668724e-02 2.556556797748270604e+00 6.454750703618168661e-02 1.114483879955975067e-02
8.906762788650368634e-02 2.469206804142576761e+00 6.371032935001083586e-02 1.116541389352152143e-02
9.044621883490527869e-02 2.382011485860344724e+00 6.764943996044801844e-02 1.119023845943501079e-02
9.152778588453026887e-02 2.189392735071918672e+00 5.280974193226017910e-02 1.120993417492576957e-02
9.292719327367925108e-02 2.148201372068179626e+00 5.625928065616432605e-02 1.123571948556987936e-02
9.419367864781065525e-02 2.108359234395677628e+00 5.281933750954511536e-02 1.125933737374324763e-02
9.549334452371775750e-02 1.972738560236914518e+00 5.030179765463152486e-02 1.128385920317385299e-02
9.691537509061480538e-02 1.923510941767040183e+00 5.146238766068484544e-02 1.131101279525264201e-02
9.801608371743542047e-02 1.830325354648408620e+00 4.290506835270731928e-02 1.133225945358247444e-02
9.943505975192225288e-02 1.743992377016233775e+00 4.970175019191318960e-02 1.135994178459836211e-02
1.005853025289989155e-01 1.749781101667120531e+00 4.084079717300512918e-02 1.138262698679593302e-02
1.019211100994136671e-01 1.756610420821597351e+00 4.744185125418804577e-02 1.140923989308218790e-02
1.031811763588775244e-01 1.640597227780378420e+00 4.364603285811327615e-02 1.143460681489478006e-02
1.043035957848583578e-01 1.606900834197848349e+00 4.087393821655697923e-02 1.145741439235550829e-02
1.055775302917943970e-01 1.571083233772151422e+00 4.471563984662567381e-02 1.148355086105000943e-02
1.068145621723687322e-01 1.524527154834200537e+00 3.491516015937390360e-02 1.150916581882976963e-02
1.082034024952725770e-01 1.461975042258802482e+00 3.792239002325641789e-02 1.153822100052919949e-02
1.095063558794970859e-01 1.422228504935883153e+00 3.502500257710818021e-02 1.156574877881029126e-02
1.107779155340056360e-01 1.386540590015664209e+00 3.310375881949315785e-02 1.159286869373848776e-02
1.120648560761446644e-01 1.440074875708747149e+00 4.227454646368835472e-02 1.162056776229392768e-02
1.132702596220299673e-01 1.419591933902442538e+00 3.168459098018808207e-02 1.164674480436585398e-02
1.146276299983461366e-01 1.347848081854376767e+00 3.697583937116266650e-02 1.167648615312996858e-02
1.158961025995191296e-01 1.356950651755876480e+00 3.189606309691170316e-02 1.170452561278031295e-02
1.171492221235975600e-01 1.330614699190282746e+00 3.421451267654546102e-02 1.173246565542315246e-02
1.183401298953042774e-01 1.366682761000628465e+00 3.789856061978816998e-02 1.175923550193054209e-02
1.195659606623101778e-01 1.282770233493877532e+00 2.887393274064157384e-02 1.178700242214512743e-02
1.207893235859482800e-01 1.259196900129363694e+00 3.596931954595736919e-02 1.181493346258194466e-02
1.221339590016942145e-01 1.320416992127744216e+00 2.961131589462942873e-02 1.184588844142079982e-02
1.234742120827972967e-01 1.224913064318287725e+00 2.978117084475397081e-02 1.187700378182183873e-02
1.247976493995723857e-01 1.228307403359758743e+00 3.061103826474208950e-02 1.190797653636458883e-02
1.260295585983135513e-01 1.220851557412633293e+00 2.845192659527553958e-02 1.193703014227293600e-02
1.273010241760423600e-01 1.229429504932323836e+00 3.240696249794195599e-02 1.196724666865615211e-02
1.286297128264799194e-01 1.268878154731684749e+00 2.962535822317062528e-02 1.199905496121886177e-02
1.298646528049074989e-01 1.193498425558304765e+00 3.332160000239636766e-02 1.202884845351977899e-02
1.311504874721155511e-01 1.172023022246661883e+00 2.746533458319393856e-02 1.206008932500337964e-02
1.324064083441429396e-01 1.214241328678761223e+00 2.939727014231250865e-02 1.209082125423655354e-02
1.335454930521722261e-01 1.162469853030680289e+00 3.261545929459268300e-02 1.211887373863995178e-02
1.348488928703760192e-01 1.148066762124208218e+00 2.479371785287455554e-02 1.215119309686502926e-02
1.360875209069345726e-01 1.112608120433326020e+00 2.848128243550819214e-02 1.218211654667969435e-02
1.374666342123921914e-01 1.102528417891191381e+00 2.466793908359878745e-02 1.221678306659609685e-02
1.386697571615887192e-01 1.138682412326996296e+00 2.773294323996751756e-02 1.224723393548453505e-02
1.399623670803275544e-01 1.110482439410081623e+00 2.764140521795458577e-02 1.228016020079273664e-02
1.412773164023674866e-01 1.101324888771664234e+00 2.453094061754878402e-02 1.231387377192824477e-02
1.425125652029527734e-01 1.116784468248519735e+00 2.918060246573636954e-02 1.234574700915242601e-02
1.438848160387348196e-01 1.112644525485362301e+00 2.392165575420194396e-02 1.238138382794507636e-02
1.451062882377991414e-01 1.083256068423844809e+00 2.748465864200829237e-02 1.241330810255431710e-02
1.463736270313373833e-01 1.060856454162616647e+00 2.472912094785062118e-02 1.244662638206188963e-02
1.475872431110742400e-01 1.017184821533662964e+00 2.352886378134129430e-02 1.247871919986926620e-02
1.488092350765267691e-01 1.039718491549338708e+00 2.538142747881158567e-02 1.251121733977612546e-02
1.501748628149708331e-01 1.050536527903941586e+00 2.299875424463511051e-02 1.254774556481057582e-02
1.513222281798596580e-01 1.027797701570154265e+00 2.556739573659065623e-02 1.257861616469981882e-02
1.527254028972407640e-01 1.025415320911868378e+00 2.303252445638465443e-02 1.261658382147538317e-02
1.539423889312437899e-01 1.026102059625785712e+00 2.390371913686684113e-02 1.264970377503690964e-02
1.551873993795044593e-01 1.004070005714400970e+00 2.434052449777039315e-02 1.268376382591030783e-02
1.565586086333622950e-01 9.733633249301133494e-01 2.087567888433873933e-02 1.272149379099687429e-02
1.578111913680021183e-01 9.635148847476848744e-01 2.405680974148843507e-02 1.275614679118715865e-02
1.591675500938339594e-01 1.014243923893003885e+00 2.217154597525377441e-02 1.279387602499307275e-02
1.603106370551128645e-01 1.002743287405957417e+00 2.608210508295796121e-02 1.282583934528782645e-02
1.616004795481780498e-01 1.023479660352666354e+00 2.337485204840072592e-02 1.286208421432495121e-02
1.628740519531731434e-01 1.010760957491481316e+00 2.267630626811910355e-02 1.289805191694251563e-02
1.640741766182524652e-01 9.812787755247496246e-01 2.293008607386233175e-02 1.293211294236179185e-02
1.654649717525595587e-01 1.012000281959207548e+00 2.180775138539223224e-02 1.297178185870138771e-02
1.665925294719438898e-01 9.491234004238318089e-01 2.259058180635515126e-02 1.300410129399644753e-02
1.679317814342178306e-01 9.551902226850161881e-01 2.137833514617318298e-02 1.304266666391559575e-02
1.691661374349463232e-01 9.560207619650554767e-01 2.114489273269397340e-02 1.307838576346898041e-02
1.704409368391466006e-01 9.835451600096850600e-01 2.307998606518788659e-02 1.311544165427114446e-02
1.718193308545532261e-01 9.522596465449785219e-01 1.989323682587179273e-02 1.315570569973143270e-02
1.730099632949528288e-01 9.741864990095134846e-01 2.336720629640267471e-02 1.319064737590724089e-02
1.744249626479164039e-01 9.688055720648129920e-01 2.064144658672929789e-02 1.323236534375207482e-02
1.755875134539289506e-01 9.826377988254850759e-01 2.338601115406458222e-02 1.326679483900566545e-02
1.768433232429903190e-01 9.482992001585962560e-01 2.154655586829137826e-02 1.330414420545148087e-02
1.781788029433488130e-01 9.422304647671547739e-01 2.038288129604436810e-02 1.334403768802070074e-02
1.794031451629711504e-01 9.405711859495935467e-01 2.212926886150552719e-02 1.338076930882597937e-02
1.807374058734711464e-01 9.281070055048364909e-01 2.070287015696038041e-02 1.342096643531262047e-02
1.818866273539310185e-01 9.547985025704377460e-01 2.239922759376157188e-02 1.345573662193248581e-02
1.831841071551007227e-01 9.288921672833405641e-01 2.238025846085687359e-02 1.349514010058680373e-02
1.843826530677403486e-01 9.522316793312000094e-01 2.180189770593307999e-02 1.353168853572460709e-02
1.856234797713129381e-01 9.706065372354314436e-01 2.217674194543070576e-02 1.356967212219113011e-02
1.870658352330228646e-01 9.385092183052469172e-01 2.015435382959955210e-02 1.361401076500731548e-02
1.882366893096450722e-01 9.259626776027766182e-01 2.306562297158449085e-02 1.365014732399808493e-02
1.896145411858463081e-01 9.445320153554448428e-01 2.066932624949393074e-02 1.369284095190786456e-02
1.908338527274382468e-01 8.996762589675366684e-01 2.128023027948144907e-02 1.373076926220878451e-02
1.921130171626850847e-01 9.375250800824931341e-01 2.171341916414216630e-02 1.377070642762878022e-02
1.934411532318989768e-01 9.367078100460995982e-01 2.200095805128418625e-02 1.381233172840885294e-02
1.946568578494195234e-01 9.274882802458556119e-01 2.244681891803437801e-02 1.385057603902754494e-02
1.960330565374977518e-01 9.478948219717232559e-01 2.329383190438063730e-02 1.389402462333484516e-02
1.971698352310922719e-01 9.806232441603780492e-01 2.742510934815648241e-02 1.393004813155640162e-02
1.984156247616662982e-01 9.320037509363165995e-01 2.279286397612470538e-02 1.396965317914024805e-02
1.997326675554988995e-01 9.055569971246995031e-01 2.132282496228160226e-02 1.401167285414076091e-02
2.009027481478436183e-01 9.303054772414396378e-01 2.465900414777166122e-02 1.404912819204801391e-02
2.022528001569890155e-01 9.096126109148675587e-01 2.314562477398284662e-02 1.409249430270575684e-02
2.034628501062888950e-01 9.253745318641549700e-01 2.565288493118185464e-02 1.413149488773437351e-02
2.047728063280297439e-01 9.358764223704471030e-01 2.512882534854594951e-02 1.417385437516952701e-02
2.060831330764501257e-01 8.913235026704100505e-01 2.552828120647708532e-02 1.421637531967719428e-02
2.073263327698844916e-01 9.587992295455770586e-01 2.633987444085813048e-02 1.425684664004746825e-02
2.087142313491248402e-01 9.383845571596418633e-01 2.789474428043224596e-02 1.430217740034254656e-02
2.099192454369331606e-01 9.210867259563834120e-01 2.811423198857293873e-02 1.434166907658568010e-02
2.112384872196957364e-01 9.165842530826102674e-01 2.690850935780647948e-02 1.438503287374191635e-02
2.125247203076400526e-01 9.303680899068728083e-01 3.214296333839595371e-02 1.442745306666879529e-02
2.137140984058460980e-01 9.235613429206399605e-01 2.874644285512707037e-02 1.446679162353942984e-02
2.151251922778793513e-01 9.434290074146570726e-01 2.994717535340206058e-02 1.451361188953161248e-02
2.162346913256270042e-01 9.041526846517198290e-01 3.410205193139174279e-02 1.455053308636423959e-02
2.175343999358035629e-01 9.172168673365547198e-01 2.944842742070733974e-02 1.459390558480039811e-02
2.187157357214214448e-01 9.241903902132238002e-01 4.001004038559800857e-02 1.463344344863212049e-02
2.199776972906969108e-01 9.358718619363910474e-01 3.010743871993250623e-02 1.467579370510084698e-02
2.213736430330280891e-01 9.335447405595211912e-01 3.325952284928329616e-02 1.472278346130234672e-02
2.225286974407967300e-01 8.935454620163935102e-01 3.116041417276051509e-02 1.476177333076495422e-02
2.239320372450155083e-01 9.249117982428702867e-01 3.561227563079458897e-02 1.480927586592285621e-02
2.251129217398010751e-01 9.404235336562546399e-01 4.020947327764601287e-02 1.484936839062075270e-02
2.263787896303594560e-01 9.288056258599833859e-01 3.603765689380575288e-02 1.489245178320445541e-02
2.277710112217791738e-01 9.183649238012271399e-01 3.709329509719066359e-02 1.493997833178173362e-02
2.288627110886556626e-01 8.860377614332483054e-01 3.481069505460813313e-02 1.497733841018705422e-02
2.303017463217687522e-01 8.504778210526446891e-01 3.141173720347165133e-02 1.502671347507785610e-02
2.314023844939313290e-01 8.989798407528829527e-01 5.182812793616695807e-02 1.506458040363645688e-02
2.327318956323634336e-01 9.210297346749016789e-01 3.563710200826662039e-02 1.511043113517188466e-02
2.342112414047179958e-01 9.226140026521484350e-01 4.592351321293711153e-02 1.516159532208872542e-02
2.352327029239701384e-01 8.686320693527693759e-01 3.592364997063071663e-02 1.519701388244257614e-02
2.367118378529879386e-01 9.309609747364941956e-01 3.984452744958823928e-02 1.524841832071396723e-02
2.377936709460156950e-01 8.514823043488878307e-01 4.441699723288147078e-02 1.528611757377320093e-02
2.390867043850068985e-01 9.086755310243060935e-01 4.003204814903136427e-02 1.533127050522302415e-02
2.405247030368529160e-01 9.422217407269082301e-01 4.719010994999797010e-02 1.538162539513721408e-02
2.415274999387154176e-01 8.823824061948484232e-01 4.340466503268260168e-02 1.541681587941444095e-02
2.430871454108265994e-01 8.706980650511285669e-01 3.994516699443569768e-02 1.547167967883770340e-02
2.441773914580221139e-01 8.710640251474492946e-01 5.395803050274002033e-02 1.551012820224556901e-02
2.455162056966076201e-01 8.651655701542397825e-01 3.845021096991117771e-02 1.555744108270615267e-02
2.469067617961289984e-01 8.805092302426354989e-01 6.661955229591438876e-02 1.560670973114055421e-02
2.478763948674186923e-01 8.320098966061707513e-01 3.906925543380924959e-02 1.564113382490141257e-02
2.495111349906020681e-01 8.531594901899196559e-01 4.543790975258211323e-02 1.569930208869954949e-02
2.504688990499203682e-01 8.861734184095332312e-01 1.376230402324450375e-01 1.573346399275090887e-02
2.518662434889414325e-01 9.154570411762336102e-01 4.985058523869315833e-02 1.578339823563269101e-02
2.531234751019981188e-01 9.546693437185305164e-01 7.041530328343895140e-02 1.582843781397902730e-02
2.542358418224159311e-01 9.260188473217729754e-01 5.444544214787307157e-02 1.586835419796612037e-02
2.558742988369163696e-01 9.386884380466137268e-01 6.518172065816980887e-02 1.592729364621250226e-02
2.566630496471600797e-01 8.587524479726251769e-01 7.064663521206750174e-02 1.595572044890233160e-02
2.582615386364130461e-01 8.919325014481943592e-01 6.382211543886477656e-02 1.601344945183923868e-02
2.595666131851191438e-01 8.446928129607089719e-01 8.919393098138481135e-02 1.606070621699455178e-02
2.604855476145895299e-01 7.624001366033167360e-01 5.209595854476364168e-02 1.609401618882983984e-02
2.623653019505019501e-01 8.037126231968603207e-01 6.031293500230274635e-02 1.616233235238789118e-02
2.628730256583328706e-01 8.635198781348405461e-01 1.407804987245798722e-01 1.618081732441630297e-02
2.644925585160636250e-01 9.077802904988490074e-01 7.146488706416299908e-02 1.623988801725847336e-02
2.663745830615954491e-01 9.067847644998984213e-01 1.356114094468736098e-01 1.630871099997111690e-02
2.666812640575947357e-01 9.364111856671872847e-01 9.495727683888303960e-02 1.631994560137499037e-02
2.686392129993777078e-01 9.390578725074042454e-01 1.005304035683788622e-01 1.639178919190238670e-02
nan nan nan nan
2.707203848242130118e-01 7.932843914034033439e-01 8.609910529378256294e-02 1.646838172770636807e-02
2.726614712165882359e-01 1.079024250393447071e+00 2.750370105392075382e-01 1.654002729883297454e-02
2.729166370681134213e-01 9.651244014635533830e-01 1.342497224905377928e-01 1.654946054461715194e-02
2.749013605273452066e-01 1.118300702169252814e+00 1.996506398289164819e-01 1.662295194538521495e-02
nan nan nan nan
2.770084334725639308e-01 9.221949006072241994e-01 1.794742228038427312e-01 1.670119747127922494e-02
2.791820814121237504e-01 5.461733593327632308e-01 1.383121488667341248e-01 1.678215379776716240e-02
