# sample_name: ludox_TM50
# config_id: config_9
# transmission: 0.606994
# source_nexus_file: sans-llb2026n000989.nxs
# q I I_error q_error
5.969542390185473418e-02 2.740369189693656060e-01 8.688180471962601154e-03 3.728708816355242803e-03
6.034226396181534974e-02 2.719893211793900090e-01 1.312805286445321157e-02 3.751992722689216197e-03
6.089812617988303589e-02 2.383247803134006526e-01 1.448763839228432715e-02 3.772082523444484324e-03
6.144077182435274398e-02 2.246364258515278212e-01 1.447520126800313188e-02 3.791773561501954326e-03
6.192777626093420168e-02 2.854362698425607081e-01 2.392521460675161790e-02 3.809501023692667479e-03
6.241384031234069318e-02 2.319424359159051319e-01 1.478657256153740121e-02 3.827267832727780476e-03
6.293363865535542279e-02 1.807015556903382725e-01 1.750315255042428006e-02 3.846303775129808131e-03
6.356472737067683787e-02 2.181112952935759797e-01 1.416431637249385839e-02 3.869523671094588033e-03
6.424007360968177205e-02 2.060138160846970434e-01 1.885065185548001274e-02 3.894454843957826252e-03
6.461772245468716536e-02 1.547721147037854350e-01 1.598328676001489757e-02 3.908445790583208249e-03
6.516237269409848321e-02 2.494038679515730161e-01 2.136892938986681770e-02 3.928679398000283797e-03
6.576867563326783961e-02 1.986694327275544403e-01 9.965097646509135307e-03 3.951283521140402412e-03
6.614191705908580021e-02 2.076908995780899769e-01 8.314624370746630938e-03 3.965237914863663053e-03
6.671536920778201041e-02 2.027112962611171132e-01 1.033289172884677143e-02 3.986732565793042402e-03
6.727331130772147560e-02 2.104108107089150970e-01 1.205329080590672453e-02 4.007708284851325270e-03
6.778236575834388489e-02 1.736639801363466795e-01 1.059486379716664817e-02 4.026906844998821150e-03
6.829754652689057348e-02 1.598542001168232196e-01 1.220837767402237727e-02 4.046381631550304177e-03
6.879209896383409184e-02 1.516745924681859314e-01 9.715090085293308017e-03 4.065135872011516917e-03
6.943037669345879237e-02 1.974644844342389183e-01 1.369975866748516027e-02 4.089405761267427518e-03
6.993400476234450103e-02 1.678935839830114352e-01 1.025484985406354028e-02 4.108621298132694548e-03
7.045625993403653586e-02 1.383186040329569544e-01 1.658825225726874228e-02 4.128578615099585784e-03
7.086310683634433616e-02 1.576723209662387881e-01 1.185353757520554024e-02 4.144172411626614524e-03
7.131911912305163859e-02 1.642702439554853955e-01 1.247826310124014113e-02 4.161682371601320776e-03
7.213632538159334140e-02 1.490723883749902057e-01 5.880375677368796655e-03 4.193165163916839737e-03
7.258774424267358527e-02 1.470591739752366289e-01 7.413382744069512212e-03 4.210606271570300520e-03
7.311107252867139750e-02 1.279813495560017944e-01 6.930487203169223565e-03 4.230874139803419628e-03
7.367557320495204953e-02 1.598496438802943231e-01 8.741415371390431205e-03 4.252784799502563884e-03
7.419537079891397324e-02 1.289776875977784454e-01 7.679248359431380122e-03 4.273006825800634671e-03
7.481695162658472120e-02 1.255976039280472523e-01 9.038085319050547656e-03 4.297249660150490209e-03
7.529751382175978169e-02 1.225175345752200218e-01 7.518459457612296920e-03 4.316045087796979013e-03
7.562206053925574212e-02 1.447585536153749575e-01 1.614467724513474547e-02 4.328746633271656971e-03
7.620275767932808975e-02 1.363419377970184199e-01 8.031802243794905483e-03 4.351536214985947913e-03
7.678190082729043076e-02 1.379940704506258664e-01 9.369636160756355039e-03 4.374314120956173703e-03
7.725637191141274118e-02 1.383460283491295406e-01 1.121618002966527812e-02 4.393014528911349387e-03
7.783203267950795923e-02 1.390852388353460145e-01 8.172099782845269889e-03 4.415754596014063657e-03
7.850126671240996445e-02 1.384388284992490170e-01 5.632473781596145264e-03 4.442249004572643156e-03
7.899060204531639651e-02 1.380250501338351199e-01 6.917059337795051187e-03 4.461669171612414088e-03
7.942879981670053491e-02 1.484697710183124353e-01 8.857264042727568121e-03 4.479085291302298093e-03
7.996117585066947475e-02 1.192185545391828416e-01 6.229360537055216029e-03 4.500287477727153360e-03
8.056201434338908229e-02 1.163784114303753059e-01 7.575824863905228704e-03 4.524262478274599861e-03
8.103404617568950308e-02 1.174771502507955812e-01 7.503577043220342226e-03 4.543136107809996743e-03
8.160201917376426473e-02 1.252048084371117087e-01 6.994193741875648698e-03 4.565886609201848592e-03
8.214930817199180002e-02 1.277324840750723445e-01 9.220920057448832655e-03 4.587848375297345557e-03
8.265989358431100054e-02 1.393523007400296887e-01 8.324985149886207636e-03 4.608375685183282132e-03
8.318256493928398443e-02 1.098177116253960667e-01 7.286888033699355852e-03 4.629424185943259093e-03
8.378183228181233788e-02 1.216195751649441353e-01 9.110098191634634010e-03 4.653610455025655908e-03
8.425758210438737128e-02 1.142786348835735655e-01 7.349833285694867997e-03 4.672838404493176272e-03
8.479028360015422594e-02 9.677163418960590957e-02 4.370688986550948750e-03 4.694402303194292018e-03
8.533893583465047838e-02 1.206217516376994064e-01 5.846675300881761309e-03 4.716657594717357793e-03
8.582221861979920374e-02 1.077700340220238279e-01 5.781401395111601671e-03 4.736287882356883354e-03
8.642451277825077827e-02 1.056741540939807322e-01 5.482044172925791894e-03 4.760792953274972650e-03
8.705900607264868696e-02 1.199527110574288430e-01 6.966103481620305668e-03 4.786655306720043364e-03
8.762881889752739684e-02 1.014465218045553924e-01 5.772700488784438672e-03 4.809924782930542590e-03
8.818093917320958541e-02 1.108961092884337418e-01 8.552838992533862497e-03 4.832507070038710717e-03
8.855176132118638965e-02 9.144977679474911025e-02 5.867331145995961783e-03 4.847701585614808649e-03
8.916795901954985282e-02 9.620664097377530644e-02 6.802789674858998603e-03 4.872969442000375101e-03
8.963170233363071393e-02 9.694074972912586352e-02 6.255525783110595095e-03 4.892023421563236260e-03
9.014804818518762364e-02 9.959472647810196921e-02 8.312048461660623624e-03 4.913258494425348961e-03
9.069986081900453800e-02 1.129383609192860793e-01 6.858099042112077159e-03 4.935993562287690865e-03
9.113098358908745811e-02 1.022373937554477835e-01 4.218185240252727598e-03 4.953771955817833778e-03
9.178799028746870148e-02 1.078372571685408399e-01 5.059695989875992277e-03 4.980909950490638831e-03
9.235762557739379819e-02 9.386364952025690045e-02 5.648542730170666437e-03 5.004476771054033879e-03
9.282473719851348781e-02 9.771123765705870545e-02 5.683799793772564835e-03 5.023827820538003669e-03
9.343214520791595645e-02 9.519703635779794282e-02 5.230081333837655576e-03 5.049022075276491002e-03
9.395062828396515131e-02 9.654597879813836547e-02 6.960978620064839362e-03 5.070561117692011857e-03
9.434773594118193996e-02 9.119860805262446080e-02 6.083566356285326215e-03 5.087075289670762133e-03
9.493360445887956411e-02 8.823578747079140194e-02 5.362267411784919086e-03 5.111470317781685417e-03
9.549893264615305633e-02 8.178292076595292115e-02 5.320290011050264091e-03 5.135039646704953574e-03
9.605517785630157679e-02 8.716389360807169640e-02 6.604889275100805056e-03 5.158260414194395377e-03
9.645734446451943722e-02 8.579680213737046757e-02 6.501679628659116743e-03 5.175067051742560965e-03
9.714181199834164004e-02 7.895995294842503287e-02 3.855862233410202889e-03 5.203714014173857309e-03
9.761070220557745147e-02 8.426093879358902139e-02 4.101420826310899631e-03 5.223361029791577341e-03
9.819784979944429226e-02 9.461375816399400507e-02 4.960695078731230945e-03 5.247990839244030294e-03
9.873141459092488192e-02 8.109813998166796878e-02 4.565925474150495968e-03 5.270401950814075989e-03
9.919299974119309693e-02 7.998676876432206373e-02 5.977540338568264507e-03 5.289810605560935422e-03
9.971508408701391935e-02 9.426298299218240084e-02 5.125414981663582899e-03 5.311786021456801378e-03
1.002671229623913612e-01 7.731336994697109166e-02 4.685772857781141630e-03 5.335046822226770583e-03
1.008436645414449023e-01 7.938234075918271238e-02 5.152082932145223525e-03 5.359371042922583817e-03
1.013250986273512982e-01 7.667472925221313629e-02 4.885375113567654373e-03 5.379702472486900394e-03
1.019620799398899269e-01 8.211778088074037085e-02 4.817494405109020404e-03 5.406633792112188440e-03
1.024641589551506804e-01 7.604306942802076252e-02 6.043724665703695612e-03 5.427889831560926866e-03
1.029328446505897582e-01 7.281738151850448981e-02 4.628497481043593494e-03 5.447744220152835222e-03
1.035467045731912616e-01 7.146974245269241410e-02 3.871311295978040797e-03 5.473777588907881644e-03
1.040049139022520691e-01 7.770451440535283694e-02 3.601073459683577869e-03 5.493234730062949815e-03
1.046124707272265003e-01 7.531877353161213484e-02 4.360377646413470844e-03 5.519053735913099883e-03
1.051007880776206604e-01 7.642429739248761400e-02 4.245891046160062653e-03 5.539832875173331117e-03
1.056948026439201854e-01 7.275680693917650765e-02 4.620501394381764174e-03 5.565125064582670568e-03
1.061782808738630512e-01 7.641493729349171926e-02 5.221815299378900453e-03 5.585731138957365609e-03
1.066335207921809136e-01 6.999863543521783749e-02 4.319500781515194995e-03 5.605151987209124401e-03
1.072496858539278980e-01 7.569765351542254161e-02 5.232219519697089809e-03 5.631465311845390218e-03
1.077044923042363989e-01 7.745267200991699796e-02 5.289725694025546564e-03 5.650901654837694327e-03
1.082037170125759451e-01 6.362233191226494833e-02 4.347669530894908083e-03 5.672258776683289198e-03
1.087858812698981048e-01 6.260197837413465638e-02 4.277724916748402127e-03 5.697186398314318945e-03
1.093054150031919358e-01 8.137788298092824002e-02 5.916153375938319053e-03 5.719452348226013866e-03
1.098359956383504754e-01 7.110704445352968028e-02 3.068262055451104631e-03 5.742206242666667709e-03
1.104578212287744832e-01 7.230747933228333368e-02 3.334629032200533451e-03 5.768904171695713248e-03
1.110099413321882500e-01 7.036972286001381971e-02 4.650059627395502528e-03 5.792632333046080981e-03
1.114891067083943477e-01 7.356288908343988631e-02 4.104354375101246233e-03 5.813239115649233672e-03
1.119995559631239701e-01 6.326841953144070330e-02 4.367284285539928430e-03 5.835208624538602840e-03
1.125012648129413428e-01 7.360226395836239055e-02 4.110314291771843126e-03 5.856820954349157421e-03
1.131156590543973550e-01 7.477159994893901873e-02 4.500870649765905708e-03 5.883309260730624352e-03
1.136264980203819802e-01 6.702672504856278801e-02 4.909330916000444710e-03 5.905352986039384688e-03
1.141456368734538318e-01 7.073182236990180338e-02 3.984085087317425916e-03 5.927770257687918487e-03
1.146948606885150601e-01 6.573497207192709191e-02 5.321961935145062134e-03 5.951503641231083337e-03
1.152309024792914083e-01 7.001949968737096464e-02 4.240273953267159786e-03 5.974688049397811063e-03
1.158358767694026709e-01 7.086152022502632819e-02 4.180898188758628252e-03 6.000874534847687632e-03
1.162700905935354079e-01 6.347391953114166208e-02 3.021988440064233943e-03 6.019686324514932942e-03
1.168708155951374006e-01 7.104595579113294479e-02 3.724649781290015338e-03 6.045725952195770206e-03
1.173658212038155568e-01 7.058132218639348587e-02 4.390381191558205554e-03 6.067198469020367892e-03
1.178349363867930433e-01 6.509100368377250534e-02 4.087358409493395059e-03 6.087564842779964042e-03
1.183521096803737127e-01 6.589841179353533862e-02 4.141395400398512928e-03 6.110030903824691106e-03
1.189587968979899796e-01 7.035788454887188792e-02 3.912827707418537609e-03 6.136404944080355375e-03
1.195087566609991658e-01 6.408823831881299560e-02 4.375362196832792948e-03 6.160333082104389735e-03
1.199117382608967802e-01 7.031326650874246409e-02 4.505388868201307649e-03 6.177872295612982928e-03
1.205553885816248172e-01 6.229366255746299902e-02 3.935147569027335618e-03 6.205911991934125703e-03
1.209716466177225974e-01 6.206870197908284648e-02 4.718531680346048363e-03 6.224053686260712544e-03
1.216321568317179636e-01 6.664926014345017025e-02 3.764621330550642093e-03 6.252869396585870355e-03
1.222362727506083324e-01 6.510052719152706335e-02 3.564841704673833624e-03 6.279242030368922638e-03
1.226808800067786531e-01 6.289012642338925874e-02 3.211735250595463935e-03 6.298665119870385486e-03
1.232209234770028777e-01 6.231907728737327151e-02 3.581483306219328429e-03 6.322270485605571005e-03
1.237388780081652290e-01 6.334799800562201932e-02 3.692822572862906536e-03 6.344923225314311188e-03
1.242976000223297017e-01 6.391045992109083140e-02 4.188019766398549081e-03 6.369377162383410389e-03
1.247280432600205435e-01 6.867088311218412511e-02 4.491299783135204934e-03 6.388223610413048398e-03
1.252847799033078857e-01 5.941320635077240037e-02 3.611346986881965124e-03 6.412618507480699961e-03
1.259010788780351164e-01 5.889674183890102055e-02 3.899458211647237674e-03 6.439639493622645837e-03
1.263690055104337295e-01 5.840509359231847719e-02 4.446335343361874567e-03 6.460168661687883812e-03
1.269197448526185878e-01 5.966116374860244015e-02 3.723448818734241723e-03 6.484345217704899113e-03
1.274880229821879762e-01 6.635462238771104582e-02 4.449678092448259431e-03 6.509305606263385800e-03
1.280909211171326056e-01 6.196858510601655629e-02 4.102801934736288909e-03 6.535805348720342099e-03
1.285813419417419501e-01 6.066970826123344734e-02 3.050722813684575516e-03 6.557371689811944751e-03
1.290660562587015725e-01 6.000019298463164091e-02 3.547182727784825313e-03 6.578700023293031392e-03
1.295802595549163105e-01 6.255873689972499263e-02 3.664004267390554362e-03 6.601338853222871693e-03
1.301506496052084183e-01 5.384466247512018772e-02 3.236052081276748465e-03 6.626463038675705838e-03
1.307138181858678305e-01 6.147320095708364018e-02 4.294000207734901403e-03 6.651283977061637348e-03
1.311632471390462296e-01 6.068778523447619644e-02 3.813263597582744469e-03 6.671103999380032998e-03
1.317603876361267967e-01 6.416941409796175777e-02 4.259234403558031373e-03 6.697451040498125785e-03
1.322764575337915527e-01 5.968444953928696978e-02 3.524610569486684008e-03 6.720233682372172591e-03
1.328860362037661003e-01 5.914215106076250311e-02 3.903100584242658218e-03 6.747156819158385901e-03
1.333923180371101580e-01 6.420510989450851913e-02 5.569799282949510454e-03 6.769532074717726777e-03
1.338708902526923872e-01 5.977992247415106486e-02 3.893420440132919561e-03 6.790692534868461236e-03
1.344029596743313570e-01 5.247875262914358102e-02 3.938112630290713408e-03 6.814232596250348502e-03
1.349286768206011677e-01 5.902171480162075878e-02 2.979399748002402402e-03 6.837499767883517543e-03
1.354628912572438670e-01 6.281591477187700723e-02 3.805127062768612518e-03 6.861155864793707856e-03
1.360357197592062251e-01 5.957732641108256372e-02 3.227671961772174587e-03 6.886534041643637902e-03
1.364837627868341063e-01 7.160926852263274633e-02 5.078472366257693986e-03 6.906390806421536417e-03
1.370625351768304800e-01 6.008844009954813353e-02 3.532500684063725419e-03 6.932059421171638328e-03
1.376195762726356853e-01 6.095801831533424059e-02 4.086165278396597551e-03 6.956773227077352011e-03
1.381130715385040231e-01 6.342944967039432225e-02 4.284180232795573896e-03 6.978680236516177429e-03
1.386233230791887594e-01 6.244479641506964218e-02 4.352152233136787410e-03 7.001337987292770813e-03
1.391785396523688989e-01 5.533628020865545560e-02 3.941180061034980746e-03 7.026007467041462708e-03
1.396921178391822282e-01 6.005015874688819644e-02 4.292553128819744969e-03 7.048835163866533013e-03
1.402756959892499655e-01 5.556569155648273528e-02 3.964941443275774198e-03 7.074785799259515444e-03
1.408723195150412000e-01 5.958095558036729383e-02 3.725251835423650133e-03 7.101330948361923162e-03
1.413112486656278588e-01 6.321532025667628285e-02 3.255561942789544048e-03 7.120868005297726483e-03
1.418597220020118843e-01 6.610251681359161080e-02 3.953418315921392555e-03 7.145292838805200782e-03
1.424078764602737246e-01 6.062548351398942131e-02 4.220979069183182324e-03 7.169709633786718224e-03
1.429726501816220019e-01 5.993461486514426589e-02 4.097584157204485142e-03 7.194882354236174782e-03
1.435314206608301890e-01 7.463087568655639437e-02 6.182006570542470346e-03 7.219795823656482633e-03
1.439629222760802074e-01 6.468535287519606991e-02 4.678088270820272843e-03 7.239045017145107758e-03
1.444805746506832300e-01 6.522135533528207463e-02 5.664196747547595688e-03 7.262143464386108110e-03
1.450807353198309835e-01 6.765007647776843935e-02 5.479861567893228903e-03 7.288939679928965049e-03
1.455634008657843148e-01 6.986807845519019122e-02 5.539992312708332846e-03 7.310492343817571667e-03
1.461337982837181415e-01 7.246936487526486892e-02 6.954286351558461657e-03 7.335976642966301857e-03
1.467331925783082469e-01 5.967256464309599745e-02 5.112816107021351912e-03 7.362769065399892010e-03
1.472524485608258937e-01 6.964505492729033964e-02 4.267731532482220078e-03 7.385988763212885701e-03
1.477116586309492052e-01 7.299346710647788838e-02 5.474790767137295740e-03 7.406533466377194543e-03
1.482493086994341736e-01 7.360545112728067441e-02 4.963120176526935982e-03 7.430592680332704855e-03
1.487883205581392587e-01 6.749434057574259238e-02 5.830479862664230371e-03 7.454722295545357716e-03
1.493932302791423639e-01 7.354672199719039516e-02 6.294217271201747212e-03 7.481812176489075102e-03
1.498879851832824739e-01 7.077039816710746500e-02 7.226772895884722540e-03 7.503977996822341033e-03
1.504289776870178230e-01 1.040841071672166801e-01 8.594444742314440513e-03 7.528227210597206523e-03
1.509299757951906018e-01 9.893609634714700674e-02 9.757512591649893444e-03 7.550690138744347267e-03
1.514944383171272224e-01 7.301085032373681727e-02 7.650133075024630538e-03 7.576002366060233424e-03
1.519989951464165157e-01 8.687985645314784400e-02 1.146417609813798338e-02 7.598640978319528075e-03
1.525144479667729924e-01 1.246867859241464066e-01 1.430695403994241416e-02 7.621778932049146256e-03
1.531567734605545350e-01 1.003617056025913890e-01 1.036647104937673397e-02 7.650617464598329608e-03
1.535845727830068563e-01 6.145140008470367787e-02 9.973204279711506831e-03 7.669834482941770282e-03
1.540224663459474896e-01 1.078703030235481919e-01 1.819201624660802055e-02 7.689507473888461397e-03
1.546638169964666409e-01 8.603899182923419042e-02 1.012580116536337602e-02 7.718335361146413769e-03
1.550822475403231537e-01 9.616954100542814132e-02 2.062110232282295813e-02 7.737143987794856473e-03
1.557540630314673269e-01 5.404474069079881482e-02 1.446849938799062499e-02 7.767359378622724041e-03
1.561149130212590996e-01 6.890207278693367965e-02 8.806578226299445131e-03 7.783595868206335741e-03
nan nan nan nan
1.571189336542627712e-01 7.611640384812821958e-02 1.015453187384443394e-02 7.828785056666886025e-03
1.578389606133546452e-01 8.976975395869592200e-02 1.256969963870035491e-02 7.861215639348769629e-03
1.584181426039182883e-01 7.363377677664192933e-02 1.222427567875629742e-02 7.887302573968324806e-03
1.591836526533828844e-01 8.954853043338413532e-02 2.086201172815806484e-02 7.921803497100742344e-03
1.594393459220905251e-01 9.209211025867372613e-02 1.582951667413263694e-02 7.933336782675068019e-03
1.597964162223455553e-01 5.117888331242027161e-02 1.646420555441072131e-02 7.949431537207361786e-03
1.605043608859314797e-01 5.407388186920376871e-02 1.433582089567371314e-02 7.981370700285424918e-03
1.610444753025430109e-01 1.084558144117015455e-01 1.739432298959908696e-02 8.005736925792331093e-03
1.613948564447690581e-01 1.703976876459664946e-01 3.601617353146926992e-02 8.021547749015355347e-03
1.622155094256342023e-01 1.069739169987926758e-01 1.958699146360517312e-02 8.058598590902384465e-03
1.625689720575121677e-01 9.149689311097938815e-02 1.900095633878349372e-02 8.074561902852217532e-03
nan nan nan nan
1.635965163802158562e-01 1.211119866781004140e-01 2.244397630131811372e-02 8.120987960918141582e-03
1.640314550702332563e-01 9.511167412252065356e-02 2.544974693702395374e-02 8.140644723017075729e-03
1.648555545913260034e-01 1.113595280504093288e-01 2.413758332782903887e-02 8.177905526998405922e-03
nan nan nan nan
1.661155833587917852e-01 1.487096021861258333e-01 4.744841939535823089e-02 8.234907497053684314e-03
